Ensight Geometry File
Written by OpenFOAM 1812
node id assign
element id assign
part
         1
geometry
coordinates
       505
 0.00000e+00
-1.00000e-01
 1.00000e-01
-2.00000e-01
 2.00000e-01
-3.00000e-01
 3.00000e-01
-4.00000e-01
 4.00000e-01
 0.00000e+00
-5.00000e-01
 5.00000e-01
 0.00000e+00
-1.00000e-01
 1.00000e-01
-1.00000e-01
 1.00000e-01
-2.00000e-01
 2.00000e-01
-2.00000e-01
 2.00000e-01
-3.00000e-01
 3.00000e-01
-3.00000e-01
 3.00000e-01
-6.00000e-01
 6.00000e-01
-4.00000e-01
 4.00000e-01
-4.00000e-01
 4.00000e-01
-7.00000e-01
 7.00000e-01
-5.00000e-01
 5.00000e-01
-5.00000e-01
 5.00000e-01
-6.00000e-01
 6.00000e-01
-6.00000e-01
 6.00000e-01
-8.00000e-01
 8.00000e-01
-7.00000e-01
 7.00000e-01
-7.00000e-01
 7.00000e-01
-9.00000e-01
 9.00000e-01
-8.00000e-01
 8.00000e-01
-8.00000e-01
 8.00000e-01
 0.00000e+00
-1.00000e+00
 1.00000e+00
 0.00000e+00
-1.00000e-01
 1.00000e-01
-1.00000e-01
 1.00000e-01
-2.00000e-01
 2.00000e-01
-2.00000e-01
 2.00000e-01
-9.00000e-01
 9.00000e-01
-9.00000e-01
 9.00000e-01
-3.00000e-01
 3.00000e-01
-3.00000e-01
 3.00000e-01
-4.00000e-01
 4.00000e-01
-4.00000e-01
 4.00000e-01
-1.10000e+00
 1.10000e+00
-1.00000e+00
-5.00000e-01
 5.00000e-01
 1.00000e+00
-1.00000e+00
 1.00000e+00
-5.00000e-01
 5.00000e-01
-6.00000e-01
 6.00000e-01
-6.00000e-01
 6.00000e-01
-1.20000e+00
 1.20000e+00
-1.10000e+00
 1.10000e+00
-1.10000e+00
 1.10000e+00
-7.00000e-01
 7.00000e-01
-7.00000e-01
 7.00000e-01
-8.00000e-01
 8.00000e-01
-8.00000e-01
 8.00000e-01
-1.20000e+00
 1.20000e+00
-1.20000e+00
 1.20000e+00
-1.30000e+00
 1.30000e+00
-9.00000e-01
 9.00000e-01
-9.00000e-01
 9.00000e-01
-1.30000e+00
 1.30000e+00
-1.30000e+00
 1.30000e+00
-1.40000e+00
 1.40000e+00
-1.00000e+00
 1.00000e+00
-1.00000e+00
 1.00000e+00
-1.40000e+00
 1.40000e+00
-1.40000e+00
 1.40000e+00
-1.10000e+00
 1.10000e+00
-1.10000e+00
 1.10000e+00
-1.50000e+00
 1.50000e+00
-1.20000e+00
 1.20000e+00
-1.20000e+00
 1.20000e+00
-1.50000e+00
 1.50000e+00
-1.50000e+00
 1.50000e+00
-1.60000e+00
 1.60000e+00
-1.30000e+00
 1.30000e+00
-1.30000e+00
 1.30000e+00
-1.60000e+00
 1.60000e+00
-1.60000e+00
 1.60000e+00
-1.70000e+00
 1.70000e+00
-1.40000e+00
 1.40000e+00
-1.40000e+00
 1.40000e+00
-1.70000e+00
 1.70000e+00
-1.70000e+00
 1.70000e+00
-1.80000e+00
 1.80000e+00
-1.50000e+00
 1.50000e+00
-1.50000e+00
 1.50000e+00
-1.80000e+00
 1.80000e+00
-1.80000e+00
 1.80000e+00
-1.60000e+00
 1.60000e+00
-1.60000e+00
 1.60000e+00
-1.90000e+00
 1.90000e+00
-1.90000e+00
 1.90000e+00
-1.90000e+00
 1.90000e+00
-1.70000e+00
 1.70000e+00
-1.70000e+00
 1.70000e+00
-2.00000e+00
 2.00000e+00
-1.80000e+00
 1.80000e+00
-1.80000e+00
 1.80000e+00
-2.00000e+00
 2.00000e+00
-2.00000e+00
 2.00000e+00
-2.10000e+00
 2.10000e+00
-1.90000e+00
 1.90000e+00
-1.90000e+00
 1.90000e+00
-2.10000e+00
 2.10000e+00
-2.10000e+00
 2.10000e+00
-2.20000e+00
 2.20000e+00
-2.00000e+00
 2.00000e+00
-2.00000e+00
 2.00000e+00
-2.20000e+00
 2.20000e+00
-2.20000e+00
 2.20000e+00
-2.30000e+00
 2.30000e+00
-2.10000e+00
 2.10000e+00
-2.10000e+00
 2.10000e+00
-2.30000e+00
 2.30000e+00
-2.30000e+00
 2.30000e+00
-2.40000e+00
 2.40000e+00
-2.20000e+00
 2.20000e+00
-2.20000e+00
 2.20000e+00
-2.40000e+00
 2.40000e+00
-2.40000e+00
 2.40000e+00
-2.50000e+00
 2.50000e+00
-2.30000e+00
 2.30000e+00
-2.30000e+00
 2.30000e+00
-2.50000e+00
 2.50000e+00
-2.50000e+00
 2.50000e+00
-2.40000e+00
 2.40000e+00
-2.40000e+00
 2.40000e+00
-2.60000e+00
 2.60000e+00
-2.60000e+00
 2.60000e+00
-2.60000e+00
 2.60000e+00
-2.50000e+00
 2.50000e+00
-2.50000e+00
 2.50000e+00
-2.70000e+00
 2.70000e+00
-2.70000e+00
 2.70000e+00
-2.70000e+00
 2.70000e+00
-2.60000e+00
 2.60000e+00
-2.60000e+00
 2.60000e+00
-2.80000e+00
 2.80000e+00
-2.80000e+00
 2.80000e+00
-2.80000e+00
 2.80000e+00
-2.70000e+00
 2.70000e+00
-2.70000e+00
 2.70000e+00
-2.90000e+00
 2.90000e+00
-2.90000e+00
 2.90000e+00
-2.90000e+00
 2.90000e+00
-2.80000e+00
 2.80000e+00
-2.80000e+00
 2.80000e+00
-3.00000e+00
 3.00000e+00
-3.00000e+00
 3.00000e+00
-3.00000e+00
 3.00000e+00
-2.90000e+00
 2.90000e+00
-2.90000e+00
 2.90000e+00
-3.10000e+00
 3.10000e+00
-3.10000e+00
 3.10000e+00
-3.10000e+00
 3.10000e+00
-3.00000e+00
 3.00000e+00
-3.00000e+00
 3.00000e+00
-3.20000e+00
 3.20000e+00
-3.20000e+00
 3.20000e+00
-3.20000e+00
 3.20000e+00
-3.10000e+00
 3.10000e+00
-3.10000e+00
 3.10000e+00
-3.30000e+00
 3.30000e+00
-3.30000e+00
 3.30000e+00
-3.30000e+00
 3.30000e+00
-3.20000e+00
 3.20000e+00
-3.20000e+00
 3.20000e+00
-3.40000e+00
 3.40000e+00
-3.40000e+00
 3.40000e+00
-3.40000e+00
 3.40000e+00
-3.30000e+00
 3.30000e+00
-3.30000e+00
 3.30000e+00
-3.50000e+00
 3.50000e+00
-3.50000e+00
 3.50000e+00
-3.50000e+00
 3.50000e+00
-3.40000e+00
 3.40000e+00
-3.40000e+00
 3.40000e+00
-3.60000e+00
 3.60000e+00
-3.60000e+00
 3.60000e+00
-3.60000e+00
 3.60000e+00
-3.50000e+00
 3.50000e+00
-3.50000e+00
 3.50000e+00
-3.70000e+00
 3.70000e+00
-3.70000e+00
 3.70000e+00
-3.70000e+00
 3.70000e+00
-3.60000e+00
 3.60000e+00
-3.60000e+00
 3.60000e+00
-3.80000e+00
 3.80000e+00
-3.80000e+00
 3.80000e+00
-3.80000e+00
 3.80000e+00
-3.70000e+00
 3.70000e+00
-3.70000e+00
 3.70000e+00
-3.90000e+00
 3.90000e+00
-3.80000e+00
 3.80000e+00
-3.80000e+00
 3.80000e+00
-3.90000e+00
 3.90000e+00
-3.90000e+00
 3.90000e+00
-4.00000e+00
 4.00000e+00
-3.90000e+00
 3.90000e+00
-3.90000e+00
 3.90000e+00
-4.00000e+00
 4.00000e+00
-4.00000e+00
 4.00000e+00
-4.10000e+00
 4.10000e+00
-4.00000e+00
 4.00000e+00
-4.00000e+00
 4.00000e+00
-4.10000e+00
 4.10000e+00
-4.10000e+00
 4.10000e+00
-4.20000e+00
 4.20000e+00
-4.10000e+00
 4.10000e+00
-4.10000e+00
 4.10000e+00
-4.20000e+00
 4.20000e+00
-4.20000e+00
 4.20000e+00
-4.30000e+00
 4.30000e+00
-4.20000e+00
 4.20000e+00
-4.20000e+00
 4.20000e+00
-4.30000e+00
 4.30000e+00
-4.30000e+00
 4.30000e+00
-4.40000e+00
 4.40000e+00
-4.30000e+00
 4.30000e+00
-4.30000e+00
 4.30000e+00
-4.40000e+00
 4.40000e+00
-4.40000e+00
 4.40000e+00
-4.50000e+00
 4.50000e+00
-4.40000e+00
 4.40000e+00
-4.40000e+00
 4.40000e+00
-4.50000e+00
 4.50000e+00
-4.50000e+00
 4.50000e+00
-4.60000e+00
 4.60000e+00
-4.50000e+00
 4.50000e+00
-4.50000e+00
 4.50000e+00
-4.60000e+00
 4.60000e+00
-4.60000e+00
 4.60000e+00
-4.70000e+00
 4.70000e+00
-4.60000e+00
 4.60000e+00
-4.60000e+00
 4.60000e+00
-4.70000e+00
 4.70000e+00
-4.70000e+00
 4.70000e+00
-4.80000e+00
 4.80000e+00
-4.70000e+00
 4.70000e+00
-4.70000e+00
 4.70000e+00
-4.80000e+00
 4.80000e+00
-4.80000e+00
 4.80000e+00
-4.90000e+00
 4.90000e+00
-4.80000e+00
 4.80000e+00
-4.80000e+00
 4.80000e+00
-4.90000e+00
 4.90000e+00
-4.90000e+00
 4.90000e+00
-5.00000e+00
 5.00000e+00
-4.90000e+00
 4.90000e+00
-4.90000e+00
 4.90000e+00
-5.00000e+00
 5.00000e+00
-5.00000e+00
 5.00000e+00
-5.00000e+00
 5.00000e+00
-5.00000e+00
 5.00000e+00
 7.00000e-01
 7.00000e-01
 7.00000e-01
 7.00000e-01
 7.00000e-01
 7.00000e-01
 7.00000e-01
 7.00000e-01
 7.00000e-01
 7.00000e-01
 7.00000e-01
 7.00000e-01
 7.00000e-01
 7.00000e-01
 7.00000e-01
 7.00000e-01
 7.00000e-01
 7.00000e-01
 7.00000e-01
 7.00000e-01
 7.00000e-01
 7.00000e-01
 7.00000e-01
 7.00000e-01
 7.00000e-01
 7.00000e-01
 7.00000e-01
 7.00000e-01
 7.00000e-01
 7.00000e-01
 7.00000e-01
 7.00000e-01
 7.00000e-01
 7.00000e-01
 7.00000e-01
 7.00000e-01
 7.00000e-01
 7.00000e-01
 7.00000e-01
 7.00000e-01
 7.00000e-01
 7.00000e-01
 7.00000e-01
 7.00000e-01
 7.00000e-01
 7.00000e-01
 7.00000e-01
 7.00000e-01
 7.00000e-01
 7.00000e-01
 7.00000e-01
 7.00000e-01
 7.00000e-01
 7.00000e-01
 7.00000e-01
 7.00000e-01
 7.00000e-01
 7.00000e-01
 7.00000e-01
 7.00000e-01
 7.00000e-01
 7.00000e-01
 7.00000e-01
 7.00000e-01
 7.00000e-01
 7.00000e-01
 7.00000e-01
 7.00000e-01
 7.00000e-01
 7.00000e-01
 7.00000e-01
 7.00000e-01
 7.00000e-01
 7.00000e-01
 7.00000e-01
 7.00000e-01
 7.00000e-01
 7.00000e-01
 7.00000e-01
 7.00000e-01
 7.00000e-01
 7.00000e-01
 7.00000e-01
 7.00000e-01
 7.00000e-01
 7.00000e-01
 7.00000e-01
 7.00000e-01
 7.00000e-01
 7.00000e-01
 7.00000e-01
 7.00000e-01
 7.00000e-01
 7.00000e-01
 7.00000e-01
 7.00000e-01
 7.00000e-01
 7.00000e-01
 7.00000e-01
 7.00000e-01
 7.00000e-01
 7.00000e-01
 7.00000e-01
 7.00000e-01
 7.00000e-01
 7.00000e-01
 7.00000e-01
 7.00000e-01
 7.00000e-01
 7.00000e-01
 7.00000e-01
 7.00000e-01
 7.00000e-01
 7.00000e-01
 7.00000e-01
 7.00000e-01
 7.00000e-01
 7.00000e-01
 7.00000e-01
 7.00000e-01
 7.00000e-01
 7.00000e-01
 7.00000e-01
 7.00000e-01
 7.00000e-01
 7.00000e-01
 7.00000e-01
 7.00000e-01
 7.00000e-01
 7.00000e-01
 7.00000e-01
 7.00000e-01
 7.00000e-01
 7.00000e-01
 7.00000e-01
 7.00000e-01
 7.00000e-01
 7.00000e-01
 7.00000e-01
 7.00000e-01
 7.00000e-01
 7.00000e-01
 7.00000e-01
 7.00000e-01
 7.00000e-01
 7.00000e-01
 7.00000e-01
 7.00000e-01
 7.00000e-01
 7.00000e-01
 7.00000e-01
 7.00000e-01
 7.00000e-01
 7.00000e-01
 7.00000e-01
 7.00000e-01
 7.00000e-01
 7.00000e-01
 7.00000e-01
 7.00000e-01
 7.00000e-01
 7.00000e-01
 7.00000e-01
 7.00000e-01
 7.00000e-01
 7.00000e-01
 7.00000e-01
 7.00000e-01
 7.00000e-01
 7.00000e-01
 7.00000e-01
 7.00000e-01
 7.00000e-01
 7.00000e-01
 7.00000e-01
 7.00000e-01
 7.00000e-01
 7.00000e-01
 7.00000e-01
 7.00000e-01
 7.00000e-01
 7.00000e-01
 7.00000e-01
 7.00000e-01
 7.00000e-01
 7.00000e-01
 7.00000e-01
 7.00000e-01
 7.00000e-01
 7.00000e-01
 7.00000e-01
 7.00000e-01
 7.00000e-01
 7.00000e-01
 7.00000e-01
 7.00000e-01
 7.00000e-01
 7.00000e-01
 7.00000e-01
 7.00000e-01
 7.00000e-01
 7.00000e-01
 7.00000e-01
 7.00000e-01
 7.00000e-01
 7.00000e-01
 7.00000e-01
 7.00000e-01
 7.00000e-01
 7.00000e-01
 7.00000e-01
 7.00000e-01
 7.00000e-01
 7.00000e-01
 7.00000e-01
 7.00000e-01
 7.00000e-01
 7.00000e-01
 7.00000e-01
 7.00000e-01
 7.00000e-01
 7.00000e-01
 7.00000e-01
 7.00000e-01
 7.00000e-01
 7.00000e-01
 7.00000e-01
 7.00000e-01
 7.00000e-01
 7.00000e-01
 7.00000e-01
 7.00000e-01
 7.00000e-01
 7.00000e-01
 7.00000e-01
 7.00000e-01
 7.00000e-01
 7.00000e-01
 7.00000e-01
 7.00000e-01
 7.00000e-01
 7.00000e-01
 7.00000e-01
 7.00000e-01
 7.00000e-01
 7.00000e-01
 7.00000e-01
 7.00000e-01
 7.00000e-01
 7.00000e-01
 7.00000e-01
 7.00000e-01
 7.00000e-01
 7.00000e-01
 7.00000e-01
 7.00000e-01
 7.00000e-01
 7.00000e-01
 7.00000e-01
 7.00000e-01
 7.00000e-01
 7.00000e-01
 7.00000e-01
 7.00000e-01
 7.00000e-01
 7.00000e-01
 7.00000e-01
 7.00000e-01
 7.00000e-01
 7.00000e-01
 7.00000e-01
 7.00000e-01
 7.00000e-01
 7.00000e-01
 7.00000e-01
 7.00000e-01
 7.00000e-01
 7.00000e-01
 7.00000e-01
 7.00000e-01
 7.00000e-01
 7.00000e-01
 7.00000e-01
 7.00000e-01
 7.00000e-01
 7.00000e-01
 7.00000e-01
 7.00000e-01
 7.00000e-01
 7.00000e-01
 7.00000e-01
 7.00000e-01
 7.00000e-01
 7.00000e-01
 7.00000e-01
 7.00000e-01
 7.00000e-01
 7.00000e-01
 7.00000e-01
 7.00000e-01
 7.00000e-01
 7.00000e-01
 7.00000e-01
 7.00000e-01
 7.00000e-01
 7.00000e-01
 7.00000e-01
 7.00000e-01
 7.00000e-01
 7.00000e-01
 7.00000e-01
 7.00000e-01
 7.00000e-01
 7.00000e-01
 7.00000e-01
 7.00000e-01
 7.00000e-01
 7.00000e-01
 7.00000e-01
 7.00000e-01
 7.00000e-01
 7.00000e-01
 7.00000e-01
 7.00000e-01
 7.00000e-01
 7.00000e-01
 7.00000e-01
 7.00000e-01
 7.00000e-01
 7.00000e-01
 7.00000e-01
 7.00000e-01
 7.00000e-01
 7.00000e-01
 7.00000e-01
 7.00000e-01
 7.00000e-01
 7.00000e-01
 7.00000e-01
 7.00000e-01
 7.00000e-01
 7.00000e-01
 7.00000e-01
 7.00000e-01
 7.00000e-01
 7.00000e-01
 7.00000e-01
 7.00000e-01
 7.00000e-01
 7.00000e-01
 7.00000e-01
 7.00000e-01
 7.00000e-01
 7.00000e-01
 7.00000e-01
 7.00000e-01
 7.00000e-01
 7.00000e-01
 7.00000e-01
 7.00000e-01
 7.00000e-01
 7.00000e-01
 7.00000e-01
 7.00000e-01
 7.00000e-01
 7.00000e-01
 7.00000e-01
 7.00000e-01
 7.00000e-01
 7.00000e-01
 7.00000e-01
 7.00000e-01
 7.00000e-01
 7.00000e-01
 7.00000e-01
 7.00000e-01
 7.00000e-01
 7.00000e-01
 7.00000e-01
 7.00000e-01
 7.00000e-01
 7.00000e-01
 7.00000e-01
 7.00000e-01
 7.00000e-01
 7.00000e-01
 7.00000e-01
 7.00000e-01
 7.00000e-01
 7.00000e-01
 7.00000e-01
 7.00000e-01
 7.00000e-01
 7.00000e-01
 7.00000e-01
 7.00000e-01
 7.00000e-01
 7.00000e-01
 7.00000e-01
 7.00000e-01
 7.00000e-01
 7.00000e-01
 7.00000e-01
 7.00000e-01
 7.00000e-01
 7.00000e-01
 7.00000e-01
 7.00000e-01
 7.00000e-01
 7.00000e-01
 7.00000e-01
 7.00000e-01
 7.00000e-01
 7.00000e-01
 7.00000e-01
 7.00000e-01
 7.00000e-01
 7.00000e-01
 7.00000e-01
 7.00000e-01
 7.00000e-01
 7.00000e-01
 7.00000e-01
 7.00000e-01
 7.00000e-01
 7.00000e-01
 7.00000e-01
 7.00000e-01
 7.00000e-01
 7.00000e-01
 7.00000e-01
 7.00000e-01
 7.00000e-01
 7.00000e-01
 7.00000e-01
 7.00000e-01
 7.00000e-01
 7.00000e-01
 7.00000e-01
 7.00000e-01
 7.00000e-01
 7.00000e-01
 7.00000e-01
 7.00000e-01
 7.00000e-01
 7.00000e-01
 7.00000e-01
 7.00000e-01
 7.00000e-01
 7.00000e-01
 7.00000e-01
 7.00000e-01
 7.00000e-01
 7.00000e-01
 7.00000e-01
 7.00000e-01
 7.00000e-01
 7.00000e-01
 7.00000e-01
 7.00000e-01
 7.00000e-01
 7.00000e-01
 7.00000e-01
 7.00000e-01
 7.00000e-01
 7.00000e-01
 7.00000e-01
 7.00000e-01
 7.00000e-01
 7.00000e-01
 7.00000e-01
 7.00000e-01
 7.00000e-01
 7.00000e-01
 7.00000e-01
 7.00000e-01
 7.00000e-01
 7.00000e-01
 7.00000e-01
 7.00000e-01
 7.00000e-01
 7.00000e-01
 7.00000e-01
 7.00000e-01
 7.00000e-01
 7.00000e-01
 7.00000e-01
 7.00000e-01
 7.00000e-01
 7.00000e-01
 7.00000e-01
 7.00000e-01
 7.00000e-01
 7.00000e-01
 7.00000e-01
 7.00000e-01
 7.00000e-01
 7.00000e-01
 7.00000e-01
 7.00000e-01
 7.00000e-01
 7.00000e-01
 7.00000e-01
 7.00000e-01
 7.00000e-01
 0.00000e+00
 0.00000e+00
 0.00000e+00
 0.00000e+00
 0.00000e+00
 0.00000e+00
 0.00000e+00
 0.00000e+00
 0.00000e+00
-5.00000e-01
 0.00000e+00
 0.00000e+00
 5.00000e-01
-5.00000e-01
-5.00000e-01
 5.00000e-01
 5.00000e-01
-5.00000e-01
-5.00000e-01
 5.00000e-01
 5.00000e-01
-5.00000e-01
-5.00000e-01
 5.00000e-01
 5.00000e-01
 0.00000e+00
 0.00000e+00
-5.00000e-01
-5.00000e-01
 5.00000e-01
 5.00000e-01
 0.00000e+00
 0.00000e+00
-5.00000e-01
-5.00000e-01
 5.00000e-01
 5.00000e-01
-5.00000e-01
-5.00000e-01
 5.00000e-01
 5.00000e-01
 0.00000e+00
 0.00000e+00
-5.00000e-01
-5.00000e-01
 5.00000e-01
 5.00000e-01
 0.00000e+00
 0.00000e+00
-5.00000e-01
-5.00000e-01
 5.00000e-01
 5.00000e-01
-1.00000e+00
 0.00000e+00
 0.00000e+00
 1.00000e+00
-1.00000e+00
-1.00000e+00
 1.00000e+00
 1.00000e+00
-1.00000e+00
-1.00000e+00
 1.00000e+00
 1.00000e+00
-5.00000e-01
-5.00000e-01
 5.00000e-01
 5.00000e-01
-1.00000e+00
-1.00000e+00
 1.00000e+00
 1.00000e+00
-1.00000e+00
-1.00000e+00
 1.00000e+00
 1.00000e+00
 0.00000e+00
 0.00000e+00
-5.00000e-01
-1.00000e+00
-1.00000e+00
-5.00000e-01
 5.00000e-01
 5.00000e-01
 1.00000e+00
 1.00000e+00
-1.00000e+00
-1.00000e+00
 1.00000e+00
 1.00000e+00
 0.00000e+00
 0.00000e+00
-5.00000e-01
-5.00000e-01
 5.00000e-01
 5.00000e-01
-1.00000e+00
-1.00000e+00
 1.00000e+00
 1.00000e+00
-1.00000e+00
-1.00000e+00
 1.00000e+00
 1.00000e+00
-5.00000e-01
-5.00000e-01
 5.00000e-01
 5.00000e-01
 0.00000e+00
 0.00000e+00
-1.00000e+00
-1.00000e+00
 1.00000e+00
 1.00000e+00
-5.00000e-01
-5.00000e-01
 5.00000e-01
 5.00000e-01
 0.00000e+00
 0.00000e+00
-1.00000e+00
-1.00000e+00
 1.00000e+00
 1.00000e+00
-5.00000e-01
-5.00000e-01
 5.00000e-01
 5.00000e-01
-1.00000e+00
-1.00000e+00
 1.00000e+00
 1.00000e+00
 0.00000e+00
 0.00000e+00
-1.00000e+00
-1.00000e+00
 1.00000e+00
 1.00000e+00
-5.00000e-01
-5.00000e-01
 5.00000e-01
 5.00000e-01
 0.00000e+00
 0.00000e+00
-1.00000e+00
-1.00000e+00
 1.00000e+00
 1.00000e+00
-5.00000e-01
-5.00000e-01
 5.00000e-01
 5.00000e-01
 0.00000e+00
 0.00000e+00
-1.00000e+00
-1.00000e+00
 1.00000e+00
 1.00000e+00
-5.00000e-01
-5.00000e-01
 5.00000e-01
 5.00000e-01
 0.00000e+00
 0.00000e+00
-1.00000e+00
-1.00000e+00
 1.00000e+00
 1.00000e+00
-5.00000e-01
-5.00000e-01
 5.00000e-01
 5.00000e-01
-1.00000e+00
-1.00000e+00
 1.00000e+00
 1.00000e+00
 0.00000e+00
 0.00000e+00
-5.00000e-01
-5.00000e-01
 5.00000e-01
 5.00000e-01
-1.00000e+00
-1.00000e+00
 1.00000e+00
 1.00000e+00
 0.00000e+00
 0.00000e+00
-1.00000e+00
-1.00000e+00
 1.00000e+00
 1.00000e+00
-5.00000e-01
-5.00000e-01
 5.00000e-01
 5.00000e-01
 0.00000e+00
 0.00000e+00
-1.00000e+00
-1.00000e+00
 1.00000e+00
 1.00000e+00
-5.00000e-01
-5.00000e-01
 5.00000e-01
 5.00000e-01
 0.00000e+00
 0.00000e+00
-1.00000e+00
-1.00000e+00
 1.00000e+00
 1.00000e+00
-5.00000e-01
-5.00000e-01
 5.00000e-01
 5.00000e-01
 0.00000e+00
 0.00000e+00
-1.00000e+00
-1.00000e+00
 1.00000e+00
 1.00000e+00
-5.00000e-01
-5.00000e-01
 5.00000e-01
 5.00000e-01
 0.00000e+00
 0.00000e+00
-1.00000e+00
-1.00000e+00
 1.00000e+00
 1.00000e+00
-5.00000e-01
-5.00000e-01
 5.00000e-01
 5.00000e-01
 0.00000e+00
 0.00000e+00
-1.00000e+00
-1.00000e+00
 1.00000e+00
 1.00000e+00
-5.00000e-01
-5.00000e-01
 5.00000e-01
 5.00000e-01
-1.00000e+00
-1.00000e+00
 1.00000e+00
 1.00000e+00
 0.00000e+00
 0.00000e+00
-5.00000e-01
-5.00000e-01
 5.00000e-01
 5.00000e-01
-1.00000e+00
-1.00000e+00
 1.00000e+00
 1.00000e+00
 0.00000e+00
 0.00000e+00
-5.00000e-01
-5.00000e-01
 5.00000e-01
 5.00000e-01
-1.00000e+00
-1.00000e+00
 1.00000e+00
 1.00000e+00
 0.00000e+00
 0.00000e+00
-5.00000e-01
-5.00000e-01
 5.00000e-01
 5.00000e-01
-1.00000e+00
-1.00000e+00
 1.00000e+00
 1.00000e+00
 0.00000e+00
 0.00000e+00
-5.00000e-01
-5.00000e-01
 5.00000e-01
 5.00000e-01
-1.00000e+00
-1.00000e+00
 1.00000e+00
 1.00000e+00
 0.00000e+00
 0.00000e+00
-5.00000e-01
-5.00000e-01
 5.00000e-01
 5.00000e-01
-1.00000e+00
-1.00000e+00
 1.00000e+00
 1.00000e+00
 0.00000e+00
 0.00000e+00
-5.00000e-01
-5.00000e-01
 5.00000e-01
 5.00000e-01
-1.00000e+00
-1.00000e+00
 1.00000e+00
 1.00000e+00
 0.00000e+00
 0.00000e+00
-5.00000e-01
-5.00000e-01
 5.00000e-01
 5.00000e-01
-1.00000e+00
-1.00000e+00
 1.00000e+00
 1.00000e+00
 0.00000e+00
 0.00000e+00
-5.00000e-01
-5.00000e-01
 5.00000e-01
 5.00000e-01
-1.00000e+00
-1.00000e+00
 1.00000e+00
 1.00000e+00
 0.00000e+00
 0.00000e+00
-5.00000e-01
-5.00000e-01
 5.00000e-01
 5.00000e-01
-1.00000e+00
-1.00000e+00
 1.00000e+00
 1.00000e+00
 0.00000e+00
 0.00000e+00
-5.00000e-01
-5.00000e-01
 5.00000e-01
 5.00000e-01
-1.00000e+00
-1.00000e+00
 1.00000e+00
 1.00000e+00
 0.00000e+00
 0.00000e+00
-5.00000e-01
-5.00000e-01
 5.00000e-01
 5.00000e-01
-1.00000e+00
-1.00000e+00
 1.00000e+00
 1.00000e+00
 0.00000e+00
 0.00000e+00
-5.00000e-01
-5.00000e-01
 5.00000e-01
 5.00000e-01
-1.00000e+00
-1.00000e+00
 1.00000e+00
 1.00000e+00
 0.00000e+00
 0.00000e+00
-5.00000e-01
-5.00000e-01
 5.00000e-01
 5.00000e-01
-1.00000e+00
-1.00000e+00
 1.00000e+00
 1.00000e+00
 0.00000e+00
 0.00000e+00
-1.00000e+00
-1.00000e+00
 1.00000e+00
 1.00000e+00
-5.00000e-01
-5.00000e-01
 5.00000e-01
 5.00000e-01
 0.00000e+00
 0.00000e+00
-1.00000e+00
-1.00000e+00
 1.00000e+00
 1.00000e+00
-5.00000e-01
-5.00000e-01
 5.00000e-01
 5.00000e-01
 0.00000e+00
 0.00000e+00
-1.00000e+00
-1.00000e+00
 1.00000e+00
 1.00000e+00
-5.00000e-01
-5.00000e-01
 5.00000e-01
 5.00000e-01
 0.00000e+00
 0.00000e+00
-1.00000e+00
-1.00000e+00
 1.00000e+00
 1.00000e+00
-5.00000e-01
-5.00000e-01
 5.00000e-01
 5.00000e-01
 0.00000e+00
 0.00000e+00
-1.00000e+00
-1.00000e+00
 1.00000e+00
 1.00000e+00
-5.00000e-01
-5.00000e-01
 5.00000e-01
 5.00000e-01
 0.00000e+00
 0.00000e+00
-1.00000e+00
-1.00000e+00
 1.00000e+00
 1.00000e+00
-5.00000e-01
-5.00000e-01
 5.00000e-01
 5.00000e-01
 0.00000e+00
 0.00000e+00
-1.00000e+00
-1.00000e+00
 1.00000e+00
 1.00000e+00
-5.00000e-01
-5.00000e-01
 5.00000e-01
 5.00000e-01
 0.00000e+00
 0.00000e+00
-1.00000e+00
-1.00000e+00
 1.00000e+00
 1.00000e+00
-5.00000e-01
-5.00000e-01
 5.00000e-01
 5.00000e-01
 0.00000e+00
 0.00000e+00
-1.00000e+00
-1.00000e+00
 1.00000e+00
 1.00000e+00
-5.00000e-01
-5.00000e-01
 5.00000e-01
 5.00000e-01
 0.00000e+00
 0.00000e+00
-1.00000e+00
-1.00000e+00
 1.00000e+00
 1.00000e+00
-5.00000e-01
-5.00000e-01
 5.00000e-01
 5.00000e-01
 0.00000e+00
 0.00000e+00
-1.00000e+00
-1.00000e+00
 1.00000e+00
 1.00000e+00
-5.00000e-01
-5.00000e-01
 5.00000e-01
 5.00000e-01
 0.00000e+00
 0.00000e+00
-1.00000e+00
-1.00000e+00
 1.00000e+00
 1.00000e+00
-5.00000e-01
-5.00000e-01
 5.00000e-01
 5.00000e-01
-1.00000e+00
-1.00000e+00
 1.00000e+00
 1.00000e+00
quad4
       400
       502       498       488       494
       484       494       488       478
       474       484       478       468
       474       468       458       464
       454       464       458       448
       438       444       454       448
       438       428       434       444
       418       424       434       428
       414       424       418       408
       414       408       398       404
       404       398       388       394
       384       394       388       374
       378       384       374       364
       354       368       378       364
       344       358       368       354
       344       334       348       358
       324       338       348       334
       324       314       328       338
       328       314       304       318
       294       308       318       304
       294       284       298       308
       284       274       288       298
       264       278       288       274
       264       254       268       278
       244       258       268       254
       244       234       248       258
       240       248       234       224
       214       230       240       224
       214       204       220       230
       220       204       194       210
       200       210       194       180
       200       180       170       190
       160       184       190       170
       160       150       174       184
       140       166       174       150
       126       156       166       140
       126       116       146       156
       136       146       116       106
        94       130       136       106
       130        94        80       122
        66       112       122        80
        66        50       102       112
        98       102        50        44
        38        88        98        44
        38        34        81        88
        81        34        28        74
        70        74        28        22
        70        22        18        62
        58        62        18        14
        58        14        10        54
        54        10        15        59
        63        59        15        19
        23        71        63        19
        23        29        75        71
        82        75        29        35
        89        82        35        39
        45        99        89        39
        45        51       103        99
       113       103        51        67
       113        67        83       123
       131       123        83        95
       131        95       107       137
       147       137       107       117
       157       147       117       127
       157       127       141       167
       151       175       167       141
       185       175       151       161
       185       161       171       191
       181       201       191       171
       181       195       211       201
       195       205       221       211
       231       221       205       215
       231       215       225       241
       225       235       249       241
       259       249       235       245
       269       259       245       255
       279       269       255       265
       279       265       275       289
       285       299       289       275
       285       295       309       299
       319       309       295       305
       319       305       315       329
       325       339       329       315
       325       335       349       339
       349       335       345       359
       359       345       355       369
       365       379       369       355
       385       379       365       375
       385       375       389       395
       405       395       389       399
       405       399       409       415
       409       419       425       415
       429       435       425       419
       429       439       445       435
       449       455       445       439
       449       459       465       455
       475       465       459       469
       485       475       469       479
       485       479       489       495
       489       499       503       495
       482       488       498       492
       482       472       478       488
       462       468       478       472
       462       452       458       468
       442       448       458       452
       438       448       442       432
       438       432       422       428
       422       412       418       428
       418       412       402       408
       392       398       408       402
       392       382       388       398
       372       374       388       382
       372       362       364       374
       352       354       364       362
       344       354       352       342
       344       342       332       334
       324       334       332       322
       324       322       312       314
       312       302       304       314
       294       304       302       292
       294       292       282       284
       284       282       272       274
       262       264       274       272
       252       254       264       262
       252       238       244       254
       238       228       234       244
       224       234       228       218
       214       224       218       208
       214       208       198       204
       198       188       194       204
       188       178       180       194
       170       180       178       164
       160       170       164       154
       160       154       144       150
       134       140       150       144
       134       120       126       140
       126       120       110       116
       106       116       110        92
        94       106        92        78
        94        78        55        80
        66        80        55        48
        66        48        42        50
        42        32        44        50
        38        44        32        26
        38        26        11        34
         8        28        34        11
         8         6        22        28
         6         4        18        22
         4         2        14        18
         1        10        14         2
         1         3        15        10
         3         5        19        15
         7        23        19         5
         7         9        29        23
        35        29         9        12
        35        12        27        39
        45        39        27        33
        45        33        43        51
        43        49        67        51
        56        83        67        49
        56        79        95        83
        93       107        95        79
        93       111       117       107
       121       127       117       111
       121       135       141       127
       151       141       135       145
       151       145       155       161
       171       161       155       165
       181       171       165       179
       181       179       189       195
       189       199       205       195
       209       215       205       199
       209       219       225       215
       229       235       225       219
       229       239       245       235
       239       253       255       245
       265       255       253       263
       275       265       263       273
       285       275       273       283
       285       283       293       295
       293       303       305       295
       313       315       305       303
       325       315       313       323
       325       323       333       335
       343       345       335       333
       343       353       355       345
       363       365       355       353
       373       375       365       363
       373       383       389       375
       393       399       389       383
       409       399       393       403
       409       403       413       419
       429       419       413       423
       429       423       433       439
       449       439       433       443
       449       443       453       459
       453       463       469       459
       473       479       469       463
       473       483       489       479
       489       483       493       499
       492       500       490       482
       472       482       490       480
       462       472       480       470
       462       470       460       452
       442       452       460       450
       440       432       442       450
       440       430       422       432
       420       412       422       430
       402       412       420       410
       402       410       400       392
       392       400       390       382
       372       382       390       376
       362       372       376       366
       356       352       362       366
       346       342       352       356
       346       336       332       342
       326       322       332       336
       326       316       312       322
       312       316       306       302
       296       292       302       306
       296       286       282       292
       286       276       272       282
       266       262       272       276
       266       256       252       262
       246       238       252       256
       246       236       228       238
       218       228       236       226
       216       208       218       226
       216       206       198       208
       198       206       196       188
       178       188       196       182
       178       182       172       164
       162       154       164       172
       162       152       144       154
       142       134       144       152
       128       120       134       142
       128       118       110       120
        92       110       118       108
        96        78        92       108
        78        96        84        55
        68        48        55        84
        68        52        42        48
        32        42        52        46
        40        26        32        46
        40        36        11        26
        11        36        30         8
         6         8        30        24
         6        24        20         4
         2         4        20        16
         2        16        13         1
         1        13        17         3
         5         3        17        21
        25         7         5        21
        25        31         9         7
        12         9        31        37
        27        12        37        41
        47        33        27        41
        47        53        43        33
        49        43        53        69
        49        69        85        56
        79        56        85        97
        79        97       109        93
       111        93       109       119
       121       111       119       129
       121       129       143       135
       153       145       135       143
       155       145       153       163
       155       163       173       165
       183       179       165       173
       183       197       189       179
       197       207       199       189
       209       199       207       217
       209       217       227       219
       227       237       229       219
       239       229       237       247
       253       239       247       257
       263       253       257       267
       263       267       277       273
       287       283       273       277
       287       297       293       283
       303       293       297       307
       303       307       317       313
       327       323       313       317
       327       337       333       323
       333       337       347       343
       343       347       357       353
       367       363       353       357
       373       363       367       377
       373       377       391       383
       393       383       391       401
       393       401       411       403
       411       421       413       403
       431       423       413       421
       431       441       433       423
       451       443       433       441
       451       461       453       443
       463       453       461       471
       473       463       471       481
       473       481       491       483
       491       501       493       483
       496       490       500       504
       496       486       480       490
       476       470       480       486
       476       466       460       470
       456       450       460       466
       440       450       456       446
       440       446       436       430
       436       426       420       430
       420       426       416       410
       406       400       410       416
       406       396       390       400
       386       376       390       396
       386       380       366       376
       370       356       366       380
       346       356       370       360
       346       360       350       336
       326       336       350       340
       326       340       330       316
       330       320       306       316
       296       306       320       310
       296       310       300       286
       286       300       290       276
       280       266       276       290
       270       256       266       280
       270       260       246       256
       260       250       236       246
       226       236       250       242
       216       226       242       232
       216       232       222       206
       222       212       196       206
       212       202       182       196
       172       182       202       192
       162       172       192       186
       162       186       176       152
       168       142       152       176
       168       158       128       142
       128       158       148       118
       108       118       148       138
        96       108       138       132
        96       132       124        84
        68        84       124       114
        68       114       104        52
       104       100        46        52
        40        46       100        90
        40        90        86        36
        76        30        36        86
        76        72        24        30
        72        64        20        24
        64        60        16        20
        57        13        16        60
        57        61        17        13
        61        65        21        17
        73        25        21        65
        73        77        31        25
        37        31        77        87
        37        87        91        41
        47        41        91       101
        47       101       105        53
       105       115        69        53
       125        85        69       115
       125       133        97        85
       139       109        97       133
       139       149       119       109
       159       129       119       149
       159       169       143       129
       153       143       169       177
       153       177       187       163
       173       163       187       193
       183       173       193       203
       183       203       213       197
       213       223       207       197
       233       217       207       223
       233       243       227       217
       251       237       227       243
       251       261       247       237
       261       271       257       247
       267       257       271       281
       277       267       281       291
       287       277       291       301
       287       301       311       297
       311       321       307       297
       331       317       307       321
       327       317       331       341
       327       341       351       337
       361       347       337       351
       361       371       357       347
       381       367       357       371
       387       377       367       381
       387       397       391       377
       407       401       391       397
       411       401       407       417
       411       417       427       421
       431       421       427       437
       431       437       447       441
       451       441       447       457
       451       457       467       461
       467       477       471       461
       487       481       471       477
       487       497       491       481
       491       497       505       501
