/*--------------------------------*- C++ -*----------------------------------*\
| =========                 |                                                 |
| \\      /  F ield         | OpenFOAM: The Open Source CFD Toolbox           |
|  \\    /   O peration     | Version:  v1812                                 |
|   \\  /    A nd           | Web:      www.OpenFOAM.com                      |
|    \\/     M anipulation  |                                                 |
\*---------------------------------------------------------------------------*/
FoamFile
{
    version     2.0;
    format      ascii;
    class       labelList;
    note        "nPoints: 2525 nCells: 1600 nFaces: 5616 nInternalFaces: 3984";
    location    "constant/polyMesh";
    object      neighbour;
}
// * * * * * * * * * * * * * * * * * * * * * * * * * * * * * * * * * * * * * //


3984
(
1
100
400
2
101
401
3
102
402
4
103
403
5
104
404
6
105
405
7
106
406
8
107
407
9
108
408
10
109
409
11
110
410
12
111
411
13
112
412
14
113
413
15
114
414
16
115
415
17
116
416
18
117
417
19
118
418
20
119
419
21
120
420
22
121
421
23
122
422
24
123
423
25
124
424
26
125
425
27
126
426
28
127
427
29
128
428
30
129
429
31
130
430
32
131
431
33
132
432
34
133
433
35
134
434
36
135
435
37
136
436
38
137
437
39
138
438
40
139
439
41
140
440
42
141
441
43
142
442
44
143
443
45
144
444
46
145
445
47
146
446
48
147
447
49
148
448
50
149
449
51
150
450
52
151
451
53
152
452
54
153
453
55
154
454
56
155
455
57
156
456
58
157
457
59
158
458
60
159
459
61
160
460
62
161
461
63
162
462
64
163
463
65
164
464
66
165
465
67
166
466
68
167
467
69
168
468
70
169
469
71
170
470
72
171
471
73
172
472
74
173
473
75
174
474
76
175
475
77
176
476
78
177
477
79
178
478
80
179
479
81
180
480
82
181
481
83
182
482
84
183
483
85
184
484
86
185
485
87
186
486
88
187
487
89
188
488
90
189
489
91
190
490
92
191
491
93
192
492
94
193
493
95
194
494
96
195
495
97
196
496
98
197
497
99
198
498
199
499
101
200
500
102
201
501
103
202
502
104
203
503
105
204
504
106
205
505
107
206
506
108
207
507
109
208
508
110
209
509
111
210
510
112
211
511
113
212
512
114
213
513
115
214
514
116
215
515
117
216
516
118
217
517
119
218
518
120
219
519
121
220
520
122
221
521
123
222
522
124
223
523
125
224
524
126
225
525
127
226
526
128
227
527
129
228
528
130
229
529
131
230
530
132
231
531
133
232
532
134
233
533
135
234
534
136
235
535
137
236
536
138
237
537
139
238
538
140
239
539
141
240
540
142
241
541
143
242
542
144
243
543
145
244
544
146
245
545
147
246
546
148
247
547
149
248
548
150
249
549
151
250
550
152
251
551
153
252
552
154
253
553
155
254
554
156
255
555
157
256
556
158
257
557
159
258
558
160
259
559
161
260
560
162
261
561
163
262
562
164
263
563
165
264
564
166
265
565
167
266
566
168
267
567
169
268
568
170
269
569
171
270
570
172
271
571
173
272
572
174
273
573
175
274
574
176
275
575
177
276
576
178
277
577
179
278
578
180
279
579
181
280
580
182
281
581
183
282
582
184
283
583
185
284
584
186
285
585
187
286
586
188
287
587
189
288
588
190
289
589
191
290
590
192
291
591
193
292
592
194
293
593
195
294
594
196
295
595
197
296
596
198
297
597
199
298
598
299
599
201
300
600
202
301
601
203
302
602
204
303
603
205
304
604
206
305
605
207
306
606
208
307
607
209
308
608
210
309
609
211
310
610
212
311
611
213
312
612
214
313
613
215
314
614
216
315
615
217
316
616
218
317
617
219
318
618
220
319
619
221
320
620
222
321
621
223
322
622
224
323
623
225
324
624
226
325
625
227
326
626
228
327
627
229
328
628
230
329
629
231
330
630
232
331
631
233
332
632
234
333
633
235
334
634
236
335
635
237
336
636
238
337
637
239
338
638
240
339
639
241
340
640
242
341
641
243
342
642
244
343
643
245
344
644
246
345
645
247
346
646
248
347
647
249
348
648
250
349
649
251
350
650
252
351
651
253
352
652
254
353
653
255
354
654
256
355
655
257
356
656
258
357
657
259
358
658
260
359
659
261
360
660
262
361
661
263
362
662
264
363
663
265
364
664
266
365
665
267
366
666
268
367
667
269
368
668
270
369
669
271
370
670
272
371
671
273
372
672
274
373
673
275
374
674
276
375
675
277
376
676
278
377
677
279
378
678
280
379
679
281
380
680
282
381
681
283
382
682
284
383
683
285
384
684
286
385
685
287
386
686
288
387
687
289
388
688
290
389
689
291
390
690
292
391
691
293
392
692
294
393
693
295
394
694
296
395
695
297
396
696
298
397
697
299
398
698
399
699
301
700
302
701
303
702
304
703
305
704
306
705
307
706
308
707
309
708
310
709
311
710
312
711
313
712
314
713
315
714
316
715
317
716
318
717
319
718
320
719
321
720
322
721
323
722
324
723
325
724
326
725
327
726
328
727
329
728
330
729
331
730
332
731
333
732
334
733
335
734
336
735
337
736
338
737
339
738
340
739
341
740
342
741
343
742
344
743
345
744
346
745
347
746
348
747
349
748
350
749
351
750
352
751
353
752
354
753
355
754
356
755
357
756
358
757
359
758
360
759
361
760
362
761
363
762
364
763
365
764
366
765
367
766
368
767
369
768
370
769
371
770
372
771
373
772
374
773
375
774
376
775
377
776
378
777
379
778
380
779
381
780
382
781
383
782
384
783
385
784
386
785
387
786
388
787
389
788
390
789
391
790
392
791
393
792
394
793
395
794
396
795
397
796
398
797
399
798
799
401
500
800
402
501
801
403
502
802
404
503
803
405
504
804
406
505
805
407
506
806
408
507
807
409
508
808
410
509
809
411
510
810
412
511
811
413
512
812
414
513
813
415
514
814
416
515
815
417
516
816
418
517
817
419
518
818
420
519
819
421
520
820
422
521
821
423
522
822
424
523
823
425
524
824
426
525
825
427
526
826
428
527
827
429
528
828
430
529
829
431
530
830
432
531
831
433
532
832
434
533
833
435
534
834
436
535
835
437
536
836
438
537
837
439
538
838
440
539
839
441
540
840
442
541
841
443
542
842
444
543
843
445
544
844
446
545
845
447
546
846
448
547
847
449
548
848
450
549
849
451
550
850
452
551
851
453
552
852
454
553
853
455
554
854
456
555
855
457
556
856
458
557
857
459
558
858
460
559
859
461
560
860
462
561
861
463
562
862
464
563
863
465
564
864
466
565
865
467
566
866
468
567
867
469
568
868
470
569
869
471
570
870
472
571
871
473
572
872
474
573
873
475
574
874
476
575
875
477
576
876
478
577
877
479
578
878
480
579
879
481
580
880
482
581
881
483
582
882
484
583
883
485
584
884
486
585
885
487
586
886
488
587
887
489
588
888
490
589
889
491
590
890
492
591
891
493
592
892
494
593
893
495
594
894
496
595
895
497
596
896
498
597
897
499
598
898
599
899
501
600
900
502
601
901
503
602
902
504
603
903
505
604
904
506
605
905
507
606
906
508
607
907
509
608
908
510
609
909
511
610
910
512
611
911
513
612
912
514
613
913
515
614
914
516
615
915
517
616
916
518
617
917
519
618
918
520
619
919
521
620
920
522
621
921
523
622
922
524
623
923
525
624
924
526
625
925
527
626
926
528
627
927
529
628
928
530
629
929
531
630
930
532
631
931
533
632
932
534
633
933
535
634
934
536
635
935
537
636
936
538
637
937
539
638
938
540
639
939
541
640
940
542
641
941
543
642
942
544
643
943
545
644
944
546
645
945
547
646
946
548
647
947
549
648
948
550
649
949
551
650
950
552
651
951
553
652
952
554
653
953
555
654
954
556
655
955
557
656
956
558
657
957
559
658
958
560
659
959
561
660
960
562
661
961
563
662
962
564
663
963
565
664
964
566
665
965
567
666
966
568
667
967
569
668
968
570
669
969
571
670
970
572
671
971
573
672
972
574
673
973
575
674
974
576
675
975
577
676
976
578
677
977
579
678
978
580
679
979
581
680
980
582
681
981
583
682
982
584
683
983
585
684
984
586
685
985
587
686
986
588
687
987
589
688
988
590
689
989
591
690
990
592
691
991
593
692
992
594
693
993
595
694
994
596
695
995
597
696
996
598
697
997
599
698
998
699
999
601
700
1000
602
701
1001
603
702
1002
604
703
1003
605
704
1004
606
705
1005
607
706
1006
608
707
1007
609
708
1008
610
709
1009
611
710
1010
612
711
1011
613
712
1012
614
713
1013
615
714
1014
616
715
1015
617
716
1016
618
717
1017
619
718
1018
620
719
1019
621
720
1020
622
721
1021
623
722
1022
624
723
1023
625
724
1024
626
725
1025
627
726
1026
628
727
1027
629
728
1028
630
729
1029
631
730
1030
632
731
1031
633
732
1032
634
733
1033
635
734
1034
636
735
1035
637
736
1036
638
737
1037
639
738
1038
640
739
1039
641
740
1040
642
741
1041
643
742
1042
644
743
1043
645
744
1044
646
745
1045
647
746
1046
648
747
1047
649
748
1048
650
749
1049
651
750
1050
652
751
1051
653
752
1052
654
753
1053
655
754
1054
656
755
1055
657
756
1056
658
757
1057
659
758
1058
660
759
1059
661
760
1060
662
761
1061
663
762
1062
664
763
1063
665
764
1064
666
765
1065
667
766
1066
668
767
1067
669
768
1068
670
769
1069
671
770
1070
672
771
1071
673
772
1072
674
773
1073
675
774
1074
676
775
1075
677
776
1076
678
777
1077
679
778
1078
680
779
1079
681
780
1080
682
781
1081
683
782
1082
684
783
1083
685
784
1084
686
785
1085
687
786
1086
688
787
1087
689
788
1088
690
789
1089
691
790
1090
692
791
1091
693
792
1092
694
793
1093
695
794
1094
696
795
1095
697
796
1096
698
797
1097
699
798
1098
799
1099
701
1100
702
1101
703
1102
704
1103
705
1104
706
1105
707
1106
708
1107
709
1108
710
1109
711
1110
712
1111
713
1112
714
1113
715
1114
716
1115
717
1116
718
1117
719
1118
720
1119
721
1120
722
1121
723
1122
724
1123
725
1124
726
1125
727
1126
728
1127
729
1128
730
1129
731
1130
732
1131
733
1132
734
1133
735
1134
736
1135
737
1136
738
1137
739
1138
740
1139
741
1140
742
1141
743
1142
744
1143
745
1144
746
1145
747
1146
748
1147
749
1148
750
1149
751
1150
752
1151
753
1152
754
1153
755
1154
756
1155
757
1156
758
1157
759
1158
760
1159
761
1160
762
1161
763
1162
764
1163
765
1164
766
1165
767
1166
768
1167
769
1168
770
1169
771
1170
772
1171
773
1172
774
1173
775
1174
776
1175
777
1176
778
1177
779
1178
780
1179
781
1180
782
1181
783
1182
784
1183
785
1184
786
1185
787
1186
788
1187
789
1188
790
1189
791
1190
792
1191
793
1192
794
1193
795
1194
796
1195
797
1196
798
1197
799
1198
1199
801
900
1200
802
901
1201
803
902
1202
804
903
1203
805
904
1204
806
905
1205
807
906
1206
808
907
1207
809
908
1208
810
909
1209
811
910
1210
812
911
1211
813
912
1212
814
913
1213
815
914
1214
816
915
1215
817
916
1216
818
917
1217
819
918
1218
820
919
1219
821
920
1220
822
921
1221
823
922
1222
824
923
1223
825
924
1224
826
925
1225
827
926
1226
828
927
1227
829
928
1228
830
929
1229
831
930
1230
832
931
1231
833
932
1232
834
933
1233
835
934
1234
836
935
1235
837
936
1236
838
937
1237
839
938
1238
840
939
1239
841
940
1240
842
941
1241
843
942
1242
844
943
1243
845
944
1244
846
945
1245
847
946
1246
848
947
1247
849
948
1248
850
949
1249
851
950
1250
852
951
1251
853
952
1252
854
953
1253
855
954
1254
856
955
1255
857
956
1256
858
957
1257
859
958
1258
860
959
1259
861
960
1260
862
961
1261
863
962
1262
864
963
1263
865
964
1264
866
965
1265
867
966
1266
868
967
1267
869
968
1268
870
969
1269
871
970
1270
872
971
1271
873
972
1272
874
973
1273
875
974
1274
876
975
1275
877
976
1276
878
977
1277
879
978
1278
880
979
1279
881
980
1280
882
981
1281
883
982
1282
884
983
1283
885
984
1284
886
985
1285
887
986
1286
888
987
1287
889
988
1288
890
989
1289
891
990
1290
892
991
1291
893
992
1292
894
993
1293
895
994
1294
896
995
1295
897
996
1296
898
997
1297
899
998
1298
999
1299
901
1000
1300
902
1001
1301
903
1002
1302
904
1003
1303
905
1004
1304
906
1005
1305
907
1006
1306
908
1007
1307
909
1008
1308
910
1009
1309
911
1010
1310
912
1011
1311
913
1012
1312
914
1013
1313
915
1014
1314
916
1015
1315
917
1016
1316
918
1017
1317
919
1018
1318
920
1019
1319
921
1020
1320
922
1021
1321
923
1022
1322
924
1023
1323
925
1024
1324
926
1025
1325
927
1026
1326
928
1027
1327
929
1028
1328
930
1029
1329
931
1030
1330
932
1031
1331
933
1032
1332
934
1033
1333
935
1034
1334
936
1035
1335
937
1036
1336
938
1037
1337
939
1038
1338
940
1039
1339
941
1040
1340
942
1041
1341
943
1042
1342
944
1043
1343
945
1044
1344
946
1045
1345
947
1046
1346
948
1047
1347
949
1048
1348
950
1049
1349
951
1050
1350
952
1051
1351
953
1052
1352
954
1053
1353
955
1054
1354
956
1055
1355
957
1056
1356
958
1057
1357
959
1058
1358
960
1059
1359
961
1060
1360
962
1061
1361
963
1062
1362
964
1063
1363
965
1064
1364
966
1065
1365
967
1066
1366
968
1067
1367
969
1068
1368
970
1069
1369
971
1070
1370
972
1071
1371
973
1072
1372
974
1073
1373
975
1074
1374
976
1075
1375
977
1076
1376
978
1077
1377
979
1078
1378
980
1079
1379
981
1080
1380
982
1081
1381
983
1082
1382
984
1083
1383
985
1084
1384
986
1085
1385
987
1086
1386
988
1087
1387
989
1088
1388
990
1089
1389
991
1090
1390
992
1091
1391
993
1092
1392
994
1093
1393
995
1094
1394
996
1095
1395
997
1096
1396
998
1097
1397
999
1098
1398
1099
1399
1001
1100
1400
1002
1101
1401
1003
1102
1402
1004
1103
1403
1005
1104
1404
1006
1105
1405
1007
1106
1406
1008
1107
1407
1009
1108
1408
1010
1109
1409
1011
1110
1410
1012
1111
1411
1013
1112
1412
1014
1113
1413
1015
1114
1414
1016
1115
1415
1017
1116
1416
1018
1117
1417
1019
1118
1418
1020
1119
1419
1021
1120
1420
1022
1121
1421
1023
1122
1422
1024
1123
1423
1025
1124
1424
1026
1125
1425
1027
1126
1426
1028
1127
1427
1029
1128
1428
1030
1129
1429
1031
1130
1430
1032
1131
1431
1033
1132
1432
1034
1133
1433
1035
1134
1434
1036
1135
1435
1037
1136
1436
1038
1137
1437
1039
1138
1438
1040
1139
1439
1041
1140
1440
1042
1141
1441
1043
1142
1442
1044
1143
1443
1045
1144
1444
1046
1145
1445
1047
1146
1446
1048
1147
1447
1049
1148
1448
1050
1149
1449
1051
1150
1450
1052
1151
1451
1053
1152
1452
1054
1153
1453
1055
1154
1454
1056
1155
1455
1057
1156
1456
1058
1157
1457
1059
1158
1458
1060
1159
1459
1061
1160
1460
1062
1161
1461
1063
1162
1462
1064
1163
1463
1065
1164
1464
1066
1165
1465
1067
1166
1466
1068
1167
1467
1069
1168
1468
1070
1169
1469
1071
1170
1470
1072
1171
1471
1073
1172
1472
1074
1173
1473
1075
1174
1474
1076
1175
1475
1077
1176
1476
1078
1177
1477
1079
1178
1478
1080
1179
1479
1081
1180
1480
1082
1181
1481
1083
1182
1482
1084
1183
1483
1085
1184
1484
1086
1185
1485
1087
1186
1486
1088
1187
1487
1089
1188
1488
1090
1189
1489
1091
1190
1490
1092
1191
1491
1093
1192
1492
1094
1193
1493
1095
1194
1494
1096
1195
1495
1097
1196
1496
1098
1197
1497
1099
1198
1498
1199
1499
1101
1500
1102
1501
1103
1502
1104
1503
1105
1504
1106
1505
1107
1506
1108
1507
1109
1508
1110
1509
1111
1510
1112
1511
1113
1512
1114
1513
1115
1514
1116
1515
1117
1516
1118
1517
1119
1518
1120
1519
1121
1520
1122
1521
1123
1522
1124
1523
1125
1524
1126
1525
1127
1526
1128
1527
1129
1528
1130
1529
1131
1530
1132
1531
1133
1532
1134
1533
1135
1534
1136
1535
1137
1536
1138
1537
1139
1538
1140
1539
1141
1540
1142
1541
1143
1542
1144
1543
1145
1544
1146
1545
1147
1546
1148
1547
1149
1548
1150
1549
1151
1550
1152
1551
1153
1552
1154
1553
1155
1554
1156
1555
1157
1556
1158
1557
1159
1558
1160
1559
1161
1560
1162
1561
1163
1562
1164
1563
1165
1564
1166
1565
1167
1566
1168
1567
1169
1568
1170
1569
1171
1570
1172
1571
1173
1572
1174
1573
1175
1574
1176
1575
1177
1576
1178
1577
1179
1578
1180
1579
1181
1580
1182
1581
1183
1582
1184
1583
1185
1584
1186
1585
1187
1586
1188
1587
1189
1588
1190
1589
1191
1590
1192
1591
1193
1592
1194
1593
1195
1594
1196
1595
1197
1596
1198
1597
1199
1598
1599
1201
1300
1202
1301
1203
1302
1204
1303
1205
1304
1206
1305
1207
1306
1208
1307
1209
1308
1210
1309
1211
1310
1212
1311
1213
1312
1214
1313
1215
1314
1216
1315
1217
1316
1218
1317
1219
1318
1220
1319
1221
1320
1222
1321
1223
1322
1224
1323
1225
1324
1226
1325
1227
1326
1228
1327
1229
1328
1230
1329
1231
1330
1232
1331
1233
1332
1234
1333
1235
1334
1236
1335
1237
1336
1238
1337
1239
1338
1240
1339
1241
1340
1242
1341
1243
1342
1244
1343
1245
1344
1246
1345
1247
1346
1248
1347
1249
1348
1250
1349
1251
1350
1252
1351
1253
1352
1254
1353
1255
1354
1256
1355
1257
1356
1258
1357
1259
1358
1260
1359
1261
1360
1262
1361
1263
1362
1264
1363
1265
1364
1266
1365
1267
1366
1268
1367
1269
1368
1270
1369
1271
1370
1272
1371
1273
1372
1274
1373
1275
1374
1276
1375
1277
1376
1278
1377
1279
1378
1280
1379
1281
1380
1282
1381
1283
1382
1284
1383
1285
1384
1286
1385
1287
1386
1288
1387
1289
1388
1290
1389
1291
1390
1292
1391
1293
1392
1294
1393
1295
1394
1296
1395
1297
1396
1298
1397
1299
1398
1399
1301
1400
1302
1401
1303
1402
1304
1403
1305
1404
1306
1405
1307
1406
1308
1407
1309
1408
1310
1409
1311
1410
1312
1411
1313
1412
1314
1413
1315
1414
1316
1415
1317
1416
1318
1417
1319
1418
1320
1419
1321
1420
1322
1421
1323
1422
1324
1423
1325
1424
1326
1425
1327
1426
1328
1427
1329
1428
1330
1429
1331
1430
1332
1431
1333
1432
1334
1433
1335
1434
1336
1435
1337
1436
1338
1437
1339
1438
1340
1439
1341
1440
1342
1441
1343
1442
1344
1443
1345
1444
1346
1445
1347
1446
1348
1447
1349
1448
1350
1449
1351
1450
1352
1451
1353
1452
1354
1453
1355
1454
1356
1455
1357
1456
1358
1457
1359
1458
1360
1459
1361
1460
1362
1461
1363
1462
1364
1463
1365
1464
1366
1465
1367
1466
1368
1467
1369
1468
1370
1469
1371
1470
1372
1471
1373
1472
1374
1473
1375
1474
1376
1475
1377
1476
1378
1477
1379
1478
1380
1479
1381
1480
1382
1481
1383
1482
1384
1483
1385
1484
1386
1485
1387
1486
1388
1487
1389
1488
1390
1489
1391
1490
1392
1491
1393
1492
1394
1493
1395
1494
1396
1495
1397
1496
1398
1497
1399
1498
1499
1401
1500
1402
1501
1403
1502
1404
1503
1405
1504
1406
1505
1407
1506
1408
1507
1409
1508
1410
1509
1411
1510
1412
1511
1413
1512
1414
1513
1415
1514
1416
1515
1417
1516
1418
1517
1419
1518
1420
1519
1421
1520
1422
1521
1423
1522
1424
1523
1425
1524
1426
1525
1427
1526
1428
1527
1429
1528
1430
1529
1431
1530
1432
1531
1433
1532
1434
1533
1435
1534
1436
1535
1437
1536
1438
1537
1439
1538
1440
1539
1441
1540
1442
1541
1443
1542
1444
1543
1445
1544
1446
1545
1447
1546
1448
1547
1449
1548
1450
1549
1451
1550
1452
1551
1453
1552
1454
1553
1455
1554
1456
1555
1457
1556
1458
1557
1459
1558
1460
1559
1461
1560
1462
1561
1463
1562
1464
1563
1465
1564
1466
1565
1467
1566
1468
1567
1469
1568
1470
1569
1471
1570
1472
1571
1473
1572
1474
1573
1475
1574
1476
1575
1477
1576
1478
1577
1479
1578
1480
1579
1481
1580
1482
1581
1483
1582
1484
1583
1485
1584
1486
1585
1487
1586
1488
1587
1489
1588
1490
1589
1491
1590
1492
1591
1493
1592
1494
1593
1495
1594
1496
1595
1497
1596
1498
1597
1499
1598
1599
1501
1502
1503
1504
1505
1506
1507
1508
1509
1510
1511
1512
1513
1514
1515
1516
1517
1518
1519
1520
1521
1522
1523
1524
1525
1526
1527
1528
1529
1530
1531
1532
1533
1534
1535
1536
1537
1538
1539
1540
1541
1542
1543
1544
1545
1546
1547
1548
1549
1550
1551
1552
1553
1554
1555
1556
1557
1558
1559
1560
1561
1562
1563
1564
1565
1566
1567
1568
1569
1570
1571
1572
1573
1574
1575
1576
1577
1578
1579
1580
1581
1582
1583
1584
1585
1586
1587
1588
1589
1590
1591
1592
1593
1594
1595
1596
1597
1598
1599
)


// ************************************************************************* //
