/*--------------------------------*- C++ -*----------------------------------*\
| =========                 |                                                 |
| \\      /  F ield         | OpenFOAM: The Open Source CFD Toolbox           |
|  \\    /   O peration     | Version:  v1812                                 |
|   \\  /    A nd           | Web:      www.OpenFOAM.com                      |
|    \\/     M anipulation  |                                                 |
\*---------------------------------------------------------------------------*/
FoamFile
{
    version     2.0;
    format      ascii;
    class       labelList;
    note        "nPoints: 2525 nCells: 1600 nFaces: 5616 nInternalFaces: 3984";
    location    "constant/polyMesh";
    object      owner;
}
// * * * * * * * * * * * * * * * * * * * * * * * * * * * * * * * * * * * * * //


5616
(
0
0
0
1
1
1
2
2
2
3
3
3
4
4
4
5
5
5
6
6
6
7
7
7
8
8
8
9
9
9
10
10
10
11
11
11
12
12
12
13
13
13
14
14
14
15
15
15
16
16
16
17
17
17
18
18
18
19
19
19
20
20
20
21
21
21
22
22
22
23
23
23
24
24
24
25
25
25
26
26
26
27
27
27
28
28
28
29
29
29
30
30
30
31
31
31
32
32
32
33
33
33
34
34
34
35
35
35
36
36
36
37
37
37
38
38
38
39
39
39
40
40
40
41
41
41
42
42
42
43
43
43
44
44
44
45
45
45
46
46
46
47
47
47
48
48
48
49
49
49
50
50
50
51
51
51
52
52
52
53
53
53
54
54
54
55
55
55
56
56
56
57
57
57
58
58
58
59
59
59
60
60
60
61
61
61
62
62
62
63
63
63
64
64
64
65
65
65
66
66
66
67
67
67
68
68
68
69
69
69
70
70
70
71
71
71
72
72
72
73
73
73
74
74
74
75
75
75
76
76
76
77
77
77
78
78
78
79
79
79
80
80
80
81
81
81
82
82
82
83
83
83
84
84
84
85
85
85
86
86
86
87
87
87
88
88
88
89
89
89
90
90
90
91
91
91
92
92
92
93
93
93
94
94
94
95
95
95
96
96
96
97
97
97
98
98
98
99
99
100
100
100
101
101
101
102
102
102
103
103
103
104
104
104
105
105
105
106
106
106
107
107
107
108
108
108
109
109
109
110
110
110
111
111
111
112
112
112
113
113
113
114
114
114
115
115
115
116
116
116
117
117
117
118
118
118
119
119
119
120
120
120
121
121
121
122
122
122
123
123
123
124
124
124
125
125
125
126
126
126
127
127
127
128
128
128
129
129
129
130
130
130
131
131
131
132
132
132
133
133
133
134
134
134
135
135
135
136
136
136
137
137
137
138
138
138
139
139
139
140
140
140
141
141
141
142
142
142
143
143
143
144
144
144
145
145
145
146
146
146
147
147
147
148
148
148
149
149
149
150
150
150
151
151
151
152
152
152
153
153
153
154
154
154
155
155
155
156
156
156
157
157
157
158
158
158
159
159
159
160
160
160
161
161
161
162
162
162
163
163
163
164
164
164
165
165
165
166
166
166
167
167
167
168
168
168
169
169
169
170
170
170
171
171
171
172
172
172
173
173
173
174
174
174
175
175
175
176
176
176
177
177
177
178
178
178
179
179
179
180
180
180
181
181
181
182
182
182
183
183
183
184
184
184
185
185
185
186
186
186
187
187
187
188
188
188
189
189
189
190
190
190
191
191
191
192
192
192
193
193
193
194
194
194
195
195
195
196
196
196
197
197
197
198
198
198
199
199
200
200
200
201
201
201
202
202
202
203
203
203
204
204
204
205
205
205
206
206
206
207
207
207
208
208
208
209
209
209
210
210
210
211
211
211
212
212
212
213
213
213
214
214
214
215
215
215
216
216
216
217
217
217
218
218
218
219
219
219
220
220
220
221
221
221
222
222
222
223
223
223
224
224
224
225
225
225
226
226
226
227
227
227
228
228
228
229
229
229
230
230
230
231
231
231
232
232
232
233
233
233
234
234
234
235
235
235
236
236
236
237
237
237
238
238
238
239
239
239
240
240
240
241
241
241
242
242
242
243
243
243
244
244
244
245
245
245
246
246
246
247
247
247
248
248
248
249
249
249
250
250
250
251
251
251
252
252
252
253
253
253
254
254
254
255
255
255
256
256
256
257
257
257
258
258
258
259
259
259
260
260
260
261
261
261
262
262
262
263
263
263
264
264
264
265
265
265
266
266
266
267
267
267
268
268
268
269
269
269
270
270
270
271
271
271
272
272
272
273
273
273
274
274
274
275
275
275
276
276
276
277
277
277
278
278
278
279
279
279
280
280
280
281
281
281
282
282
282
283
283
283
284
284
284
285
285
285
286
286
286
287
287
287
288
288
288
289
289
289
290
290
290
291
291
291
292
292
292
293
293
293
294
294
294
295
295
295
296
296
296
297
297
297
298
298
298
299
299
300
300
301
301
302
302
303
303
304
304
305
305
306
306
307
307
308
308
309
309
310
310
311
311
312
312
313
313
314
314
315
315
316
316
317
317
318
318
319
319
320
320
321
321
322
322
323
323
324
324
325
325
326
326
327
327
328
328
329
329
330
330
331
331
332
332
333
333
334
334
335
335
336
336
337
337
338
338
339
339
340
340
341
341
342
342
343
343
344
344
345
345
346
346
347
347
348
348
349
349
350
350
351
351
352
352
353
353
354
354
355
355
356
356
357
357
358
358
359
359
360
360
361
361
362
362
363
363
364
364
365
365
366
366
367
367
368
368
369
369
370
370
371
371
372
372
373
373
374
374
375
375
376
376
377
377
378
378
379
379
380
380
381
381
382
382
383
383
384
384
385
385
386
386
387
387
388
388
389
389
390
390
391
391
392
392
393
393
394
394
395
395
396
396
397
397
398
398
399
400
400
400
401
401
401
402
402
402
403
403
403
404
404
404
405
405
405
406
406
406
407
407
407
408
408
408
409
409
409
410
410
410
411
411
411
412
412
412
413
413
413
414
414
414
415
415
415
416
416
416
417
417
417
418
418
418
419
419
419
420
420
420
421
421
421
422
422
422
423
423
423
424
424
424
425
425
425
426
426
426
427
427
427
428
428
428
429
429
429
430
430
430
431
431
431
432
432
432
433
433
433
434
434
434
435
435
435
436
436
436
437
437
437
438
438
438
439
439
439
440
440
440
441
441
441
442
442
442
443
443
443
444
444
444
445
445
445
446
446
446
447
447
447
448
448
448
449
449
449
450
450
450
451
451
451
452
452
452
453
453
453
454
454
454
455
455
455
456
456
456
457
457
457
458
458
458
459
459
459
460
460
460
461
461
461
462
462
462
463
463
463
464
464
464
465
465
465
466
466
466
467
467
467
468
468
468
469
469
469
470
470
470
471
471
471
472
472
472
473
473
473
474
474
474
475
475
475
476
476
476
477
477
477
478
478
478
479
479
479
480
480
480
481
481
481
482
482
482
483
483
483
484
484
484
485
485
485
486
486
486
487
487
487
488
488
488
489
489
489
490
490
490
491
491
491
492
492
492
493
493
493
494
494
494
495
495
495
496
496
496
497
497
497
498
498
498
499
499
500
500
500
501
501
501
502
502
502
503
503
503
504
504
504
505
505
505
506
506
506
507
507
507
508
508
508
509
509
509
510
510
510
511
511
511
512
512
512
513
513
513
514
514
514
515
515
515
516
516
516
517
517
517
518
518
518
519
519
519
520
520
520
521
521
521
522
522
522
523
523
523
524
524
524
525
525
525
526
526
526
527
527
527
528
528
528
529
529
529
530
530
530
531
531
531
532
532
532
533
533
533
534
534
534
535
535
535
536
536
536
537
537
537
538
538
538
539
539
539
540
540
540
541
541
541
542
542
542
543
543
543
544
544
544
545
545
545
546
546
546
547
547
547
548
548
548
549
549
549
550
550
550
551
551
551
552
552
552
553
553
553
554
554
554
555
555
555
556
556
556
557
557
557
558
558
558
559
559
559
560
560
560
561
561
561
562
562
562
563
563
563
564
564
564
565
565
565
566
566
566
567
567
567
568
568
568
569
569
569
570
570
570
571
571
571
572
572
572
573
573
573
574
574
574
575
575
575
576
576
576
577
577
577
578
578
578
579
579
579
580
580
580
581
581
581
582
582
582
583
583
583
584
584
584
585
585
585
586
586
586
587
587
587
588
588
588
589
589
589
590
590
590
591
591
591
592
592
592
593
593
593
594
594
594
595
595
595
596
596
596
597
597
597
598
598
598
599
599
600
600
600
601
601
601
602
602
602
603
603
603
604
604
604
605
605
605
606
606
606
607
607
607
608
608
608
609
609
609
610
610
610
611
611
611
612
612
612
613
613
613
614
614
614
615
615
615
616
616
616
617
617
617
618
618
618
619
619
619
620
620
620
621
621
621
622
622
622
623
623
623
624
624
624
625
625
625
626
626
626
627
627
627
628
628
628
629
629
629
630
630
630
631
631
631
632
632
632
633
633
633
634
634
634
635
635
635
636
636
636
637
637
637
638
638
638
639
639
639
640
640
640
641
641
641
642
642
642
643
643
643
644
644
644
645
645
645
646
646
646
647
647
647
648
648
648
649
649
649
650
650
650
651
651
651
652
652
652
653
653
653
654
654
654
655
655
655
656
656
656
657
657
657
658
658
658
659
659
659
660
660
660
661
661
661
662
662
662
663
663
663
664
664
664
665
665
665
666
666
666
667
667
667
668
668
668
669
669
669
670
670
670
671
671
671
672
672
672
673
673
673
674
674
674
675
675
675
676
676
676
677
677
677
678
678
678
679
679
679
680
680
680
681
681
681
682
682
682
683
683
683
684
684
684
685
685
685
686
686
686
687
687
687
688
688
688
689
689
689
690
690
690
691
691
691
692
692
692
693
693
693
694
694
694
695
695
695
696
696
696
697
697
697
698
698
698
699
699
700
700
701
701
702
702
703
703
704
704
705
705
706
706
707
707
708
708
709
709
710
710
711
711
712
712
713
713
714
714
715
715
716
716
717
717
718
718
719
719
720
720
721
721
722
722
723
723
724
724
725
725
726
726
727
727
728
728
729
729
730
730
731
731
732
732
733
733
734
734
735
735
736
736
737
737
738
738
739
739
740
740
741
741
742
742
743
743
744
744
745
745
746
746
747
747
748
748
749
749
750
750
751
751
752
752
753
753
754
754
755
755
756
756
757
757
758
758
759
759
760
760
761
761
762
762
763
763
764
764
765
765
766
766
767
767
768
768
769
769
770
770
771
771
772
772
773
773
774
774
775
775
776
776
777
777
778
778
779
779
780
780
781
781
782
782
783
783
784
784
785
785
786
786
787
787
788
788
789
789
790
790
791
791
792
792
793
793
794
794
795
795
796
796
797
797
798
798
799
800
800
800
801
801
801
802
802
802
803
803
803
804
804
804
805
805
805
806
806
806
807
807
807
808
808
808
809
809
809
810
810
810
811
811
811
812
812
812
813
813
813
814
814
814
815
815
815
816
816
816
817
817
817
818
818
818
819
819
819
820
820
820
821
821
821
822
822
822
823
823
823
824
824
824
825
825
825
826
826
826
827
827
827
828
828
828
829
829
829
830
830
830
831
831
831
832
832
832
833
833
833
834
834
834
835
835
835
836
836
836
837
837
837
838
838
838
839
839
839
840
840
840
841
841
841
842
842
842
843
843
843
844
844
844
845
845
845
846
846
846
847
847
847
848
848
848
849
849
849
850
850
850
851
851
851
852
852
852
853
853
853
854
854
854
855
855
855
856
856
856
857
857
857
858
858
858
859
859
859
860
860
860
861
861
861
862
862
862
863
863
863
864
864
864
865
865
865
866
866
866
867
867
867
868
868
868
869
869
869
870
870
870
871
871
871
872
872
872
873
873
873
874
874
874
875
875
875
876
876
876
877
877
877
878
878
878
879
879
879
880
880
880
881
881
881
882
882
882
883
883
883
884
884
884
885
885
885
886
886
886
887
887
887
888
888
888
889
889
889
890
890
890
891
891
891
892
892
892
893
893
893
894
894
894
895
895
895
896
896
896
897
897
897
898
898
898
899
899
900
900
900
901
901
901
902
902
902
903
903
903
904
904
904
905
905
905
906
906
906
907
907
907
908
908
908
909
909
909
910
910
910
911
911
911
912
912
912
913
913
913
914
914
914
915
915
915
916
916
916
917
917
917
918
918
918
919
919
919
920
920
920
921
921
921
922
922
922
923
923
923
924
924
924
925
925
925
926
926
926
927
927
927
928
928
928
929
929
929
930
930
930
931
931
931
932
932
932
933
933
933
934
934
934
935
935
935
936
936
936
937
937
937
938
938
938
939
939
939
940
940
940
941
941
941
942
942
942
943
943
943
944
944
944
945
945
945
946
946
946
947
947
947
948
948
948
949
949
949
950
950
950
951
951
951
952
952
952
953
953
953
954
954
954
955
955
955
956
956
956
957
957
957
958
958
958
959
959
959
960
960
960
961
961
961
962
962
962
963
963
963
964
964
964
965
965
965
966
966
966
967
967
967
968
968
968
969
969
969
970
970
970
971
971
971
972
972
972
973
973
973
974
974
974
975
975
975
976
976
976
977
977
977
978
978
978
979
979
979
980
980
980
981
981
981
982
982
982
983
983
983
984
984
984
985
985
985
986
986
986
987
987
987
988
988
988
989
989
989
990
990
990
991
991
991
992
992
992
993
993
993
994
994
994
995
995
995
996
996
996
997
997
997
998
998
998
999
999
1000
1000
1000
1001
1001
1001
1002
1002
1002
1003
1003
1003
1004
1004
1004
1005
1005
1005
1006
1006
1006
1007
1007
1007
1008
1008
1008
1009
1009
1009
1010
1010
1010
1011
1011
1011
1012
1012
1012
1013
1013
1013
1014
1014
1014
1015
1015
1015
1016
1016
1016
1017
1017
1017
1018
1018
1018
1019
1019
1019
1020
1020
1020
1021
1021
1021
1022
1022
1022
1023
1023
1023
1024
1024
1024
1025
1025
1025
1026
1026
1026
1027
1027
1027
1028
1028
1028
1029
1029
1029
1030
1030
1030
1031
1031
1031
1032
1032
1032
1033
1033
1033
1034
1034
1034
1035
1035
1035
1036
1036
1036
1037
1037
1037
1038
1038
1038
1039
1039
1039
1040
1040
1040
1041
1041
1041
1042
1042
1042
1043
1043
1043
1044
1044
1044
1045
1045
1045
1046
1046
1046
1047
1047
1047
1048
1048
1048
1049
1049
1049
1050
1050
1050
1051
1051
1051
1052
1052
1052
1053
1053
1053
1054
1054
1054
1055
1055
1055
1056
1056
1056
1057
1057
1057
1058
1058
1058
1059
1059
1059
1060
1060
1060
1061
1061
1061
1062
1062
1062
1063
1063
1063
1064
1064
1064
1065
1065
1065
1066
1066
1066
1067
1067
1067
1068
1068
1068
1069
1069
1069
1070
1070
1070
1071
1071
1071
1072
1072
1072
1073
1073
1073
1074
1074
1074
1075
1075
1075
1076
1076
1076
1077
1077
1077
1078
1078
1078
1079
1079
1079
1080
1080
1080
1081
1081
1081
1082
1082
1082
1083
1083
1083
1084
1084
1084
1085
1085
1085
1086
1086
1086
1087
1087
1087
1088
1088
1088
1089
1089
1089
1090
1090
1090
1091
1091
1091
1092
1092
1092
1093
1093
1093
1094
1094
1094
1095
1095
1095
1096
1096
1096
1097
1097
1097
1098
1098
1098
1099
1099
1100
1100
1101
1101
1102
1102
1103
1103
1104
1104
1105
1105
1106
1106
1107
1107
1108
1108
1109
1109
1110
1110
1111
1111
1112
1112
1113
1113
1114
1114
1115
1115
1116
1116
1117
1117
1118
1118
1119
1119
1120
1120
1121
1121
1122
1122
1123
1123
1124
1124
1125
1125
1126
1126
1127
1127
1128
1128
1129
1129
1130
1130
1131
1131
1132
1132
1133
1133
1134
1134
1135
1135
1136
1136
1137
1137
1138
1138
1139
1139
1140
1140
1141
1141
1142
1142
1143
1143
1144
1144
1145
1145
1146
1146
1147
1147
1148
1148
1149
1149
1150
1150
1151
1151
1152
1152
1153
1153
1154
1154
1155
1155
1156
1156
1157
1157
1158
1158
1159
1159
1160
1160
1161
1161
1162
1162
1163
1163
1164
1164
1165
1165
1166
1166
1167
1167
1168
1168
1169
1169
1170
1170
1171
1171
1172
1172
1173
1173
1174
1174
1175
1175
1176
1176
1177
1177
1178
1178
1179
1179
1180
1180
1181
1181
1182
1182
1183
1183
1184
1184
1185
1185
1186
1186
1187
1187
1188
1188
1189
1189
1190
1190
1191
1191
1192
1192
1193
1193
1194
1194
1195
1195
1196
1196
1197
1197
1198
1198
1199
1200
1200
1201
1201
1202
1202
1203
1203
1204
1204
1205
1205
1206
1206
1207
1207
1208
1208
1209
1209
1210
1210
1211
1211
1212
1212
1213
1213
1214
1214
1215
1215
1216
1216
1217
1217
1218
1218
1219
1219
1220
1220
1221
1221
1222
1222
1223
1223
1224
1224
1225
1225
1226
1226
1227
1227
1228
1228
1229
1229
1230
1230
1231
1231
1232
1232
1233
1233
1234
1234
1235
1235
1236
1236
1237
1237
1238
1238
1239
1239
1240
1240
1241
1241
1242
1242
1243
1243
1244
1244
1245
1245
1246
1246
1247
1247
1248
1248
1249
1249
1250
1250
1251
1251
1252
1252
1253
1253
1254
1254
1255
1255
1256
1256
1257
1257
1258
1258
1259
1259
1260
1260
1261
1261
1262
1262
1263
1263
1264
1264
1265
1265
1266
1266
1267
1267
1268
1268
1269
1269
1270
1270
1271
1271
1272
1272
1273
1273
1274
1274
1275
1275
1276
1276
1277
1277
1278
1278
1279
1279
1280
1280
1281
1281
1282
1282
1283
1283
1284
1284
1285
1285
1286
1286
1287
1287
1288
1288
1289
1289
1290
1290
1291
1291
1292
1292
1293
1293
1294
1294
1295
1295
1296
1296
1297
1297
1298
1298
1299
1300
1300
1301
1301
1302
1302
1303
1303
1304
1304
1305
1305
1306
1306
1307
1307
1308
1308
1309
1309
1310
1310
1311
1311
1312
1312
1313
1313
1314
1314
1315
1315
1316
1316
1317
1317
1318
1318
1319
1319
1320
1320
1321
1321
1322
1322
1323
1323
1324
1324
1325
1325
1326
1326
1327
1327
1328
1328
1329
1329
1330
1330
1331
1331
1332
1332
1333
1333
1334
1334
1335
1335
1336
1336
1337
1337
1338
1338
1339
1339
1340
1340
1341
1341
1342
1342
1343
1343
1344
1344
1345
1345
1346
1346
1347
1347
1348
1348
1349
1349
1350
1350
1351
1351
1352
1352
1353
1353
1354
1354
1355
1355
1356
1356
1357
1357
1358
1358
1359
1359
1360
1360
1361
1361
1362
1362
1363
1363
1364
1364
1365
1365
1366
1366
1367
1367
1368
1368
1369
1369
1370
1370
1371
1371
1372
1372
1373
1373
1374
1374
1375
1375
1376
1376
1377
1377
1378
1378
1379
1379
1380
1380
1381
1381
1382
1382
1383
1383
1384
1384
1385
1385
1386
1386
1387
1387
1388
1388
1389
1389
1390
1390
1391
1391
1392
1392
1393
1393
1394
1394
1395
1395
1396
1396
1397
1397
1398
1398
1399
1400
1400
1401
1401
1402
1402
1403
1403
1404
1404
1405
1405
1406
1406
1407
1407
1408
1408
1409
1409
1410
1410
1411
1411
1412
1412
1413
1413
1414
1414
1415
1415
1416
1416
1417
1417
1418
1418
1419
1419
1420
1420
1421
1421
1422
1422
1423
1423
1424
1424
1425
1425
1426
1426
1427
1427
1428
1428
1429
1429
1430
1430
1431
1431
1432
1432
1433
1433
1434
1434
1435
1435
1436
1436
1437
1437
1438
1438
1439
1439
1440
1440
1441
1441
1442
1442
1443
1443
1444
1444
1445
1445
1446
1446
1447
1447
1448
1448
1449
1449
1450
1450
1451
1451
1452
1452
1453
1453
1454
1454
1455
1455
1456
1456
1457
1457
1458
1458
1459
1459
1460
1460
1461
1461
1462
1462
1463
1463
1464
1464
1465
1465
1466
1466
1467
1467
1468
1468
1469
1469
1470
1470
1471
1471
1472
1472
1473
1473
1474
1474
1475
1475
1476
1476
1477
1477
1478
1478
1479
1479
1480
1480
1481
1481
1482
1482
1483
1483
1484
1484
1485
1485
1486
1486
1487
1487
1488
1488
1489
1489
1490
1490
1491
1491
1492
1492
1493
1493
1494
1494
1495
1495
1496
1496
1497
1497
1498
1498
1499
1500
1501
1502
1503
1504
1505
1506
1507
1508
1509
1510
1511
1512
1513
1514
1515
1516
1517
1518
1519
1520
1521
1522
1523
1524
1525
1526
1527
1528
1529
1530
1531
1532
1533
1534
1535
1536
1537
1538
1539
1540
1541
1542
1543
1544
1545
1546
1547
1548
1549
1550
1551
1552
1553
1554
1555
1556
1557
1558
1559
1560
1561
1562
1563
1564
1565
1566
1567
1568
1569
1570
1571
1572
1573
1574
1575
1576
1577
1578
1579
1580
1581
1582
1583
1584
1585
1586
1587
1588
1589
1590
1591
1592
1593
1594
1595
1596
1597
1598
99
199
299
399
499
599
699
799
899
999
1099
1199
1299
1399
1499
1599
0
100
200
300
400
500
600
700
800
900
1000
1100
1200
1300
1400
1500
0
400
800
1200
1
401
801
1201
2
402
802
1202
3
403
803
1203
4
404
804
1204
5
405
805
1205
6
406
806
1206
7
407
807
1207
8
408
808
1208
9
409
809
1209
10
410
810
1210
11
411
811
1211
12
412
812
1212
13
413
813
1213
14
414
814
1214
15
415
815
1215
16
416
816
1216
17
417
817
1217
18
418
818
1218
19
419
819
1219
20
420
820
1220
21
421
821
1221
22
422
822
1222
23
423
823
1223
24
424
824
1224
25
425
825
1225
26
426
826
1226
27
427
827
1227
28
428
828
1228
29
429
829
1229
30
430
830
1230
31
431
831
1231
32
432
832
1232
33
433
833
1233
34
434
834
1234
35
435
835
1235
36
436
836
1236
37
437
837
1237
38
438
838
1238
39
439
839
1239
40
440
840
1240
41
441
841
1241
42
442
842
1242
43
443
843
1243
44
444
844
1244
45
445
845
1245
46
446
846
1246
47
447
847
1247
48
448
848
1248
49
449
849
1249
50
450
850
1250
51
451
851
1251
52
452
852
1252
53
453
853
1253
54
454
854
1254
55
455
855
1255
56
456
856
1256
57
457
857
1257
58
458
858
1258
59
459
859
1259
60
460
860
1260
61
461
861
1261
62
462
862
1262
63
463
863
1263
64
464
864
1264
65
465
865
1265
66
466
866
1266
67
467
867
1267
68
468
868
1268
69
469
869
1269
70
470
870
1270
71
471
871
1271
72
472
872
1272
73
473
873
1273
74
474
874
1274
75
475
875
1275
76
476
876
1276
77
477
877
1277
78
478
878
1278
79
479
879
1279
80
480
880
1280
81
481
881
1281
82
482
882
1282
83
483
883
1283
84
484
884
1284
85
485
885
1285
86
486
886
1286
87
487
887
1287
88
488
888
1288
89
489
889
1289
90
490
890
1290
91
491
891
1291
92
492
892
1292
93
493
893
1293
94
494
894
1294
95
495
895
1295
96
496
896
1296
97
497
897
1297
98
498
898
1298
99
499
899
1299
1200
1300
1400
1500
1201
1301
1401
1501
1202
1302
1402
1502
1203
1303
1403
1503
1204
1304
1404
1504
1205
1305
1405
1505
1206
1306
1406
1506
1207
1307
1407
1507
1208
1308
1408
1508
1209
1309
1409
1509
1210
1310
1410
1510
1211
1311
1411
1511
1212
1312
1412
1512
1213
1313
1413
1513
1214
1314
1414
1514
1215
1315
1415
1515
1216
1316
1416
1516
1217
1317
1417
1517
1218
1318
1418
1518
1219
1319
1419
1519
1220
1320
1420
1520
1221
1321
1421
1521
1222
1322
1422
1522
1223
1323
1423
1523
1224
1324
1424
1524
1225
1325
1425
1525
1226
1326
1426
1526
1227
1327
1427
1527
1228
1328
1428
1528
1229
1329
1429
1529
1230
1330
1430
1530
1231
1331
1431
1531
1232
1332
1432
1532
1233
1333
1433
1533
1234
1334
1434
1534
1235
1335
1435
1535
1236
1336
1436
1536
1237
1337
1437
1537
1238
1338
1438
1538
1239
1339
1439
1539
1240
1340
1440
1540
1241
1341
1441
1541
1242
1342
1442
1542
1243
1343
1443
1543
1244
1344
1444
1544
1245
1345
1445
1545
1246
1346
1446
1546
1247
1347
1447
1547
1248
1348
1448
1548
1249
1349
1449
1549
1250
1350
1450
1550
1251
1351
1451
1551
1252
1352
1452
1552
1253
1353
1453
1553
1254
1354
1454
1554
1255
1355
1455
1555
1256
1356
1456
1556
1257
1357
1457
1557
1258
1358
1458
1558
1259
1359
1459
1559
1260
1360
1460
1560
1261
1361
1461
1561
1262
1362
1462
1562
1263
1363
1463
1563
1264
1364
1464
1564
1265
1365
1465
1565
1266
1366
1466
1566
1267
1367
1467
1567
1268
1368
1468
1568
1269
1369
1469
1569
1270
1370
1470
1570
1271
1371
1471
1571
1272
1372
1472
1572
1273
1373
1473
1573
1274
1374
1474
1574
1275
1375
1475
1575
1276
1376
1476
1576
1277
1377
1477
1577
1278
1378
1478
1578
1279
1379
1479
1579
1280
1380
1480
1580
1281
1381
1481
1581
1282
1382
1482
1582
1283
1383
1483
1583
1284
1384
1484
1584
1285
1385
1485
1585
1286
1386
1486
1586
1287
1387
1487
1587
1288
1388
1488
1588
1289
1389
1489
1589
1290
1390
1490
1590
1291
1391
1491
1591
1292
1392
1492
1592
1293
1393
1493
1593
1294
1394
1494
1594
1295
1395
1495
1595
1296
1396
1496
1596
1297
1397
1497
1597
1298
1398
1498
1598
1299
1399
1499
1599
300
700
1100
1500
301
701
1101
1501
302
702
1102
1502
303
703
1103
1503
304
704
1104
1504
305
705
1105
1505
306
706
1106
1506
307
707
1107
1507
308
708
1108
1508
309
709
1109
1509
310
710
1110
1510
311
711
1111
1511
312
712
1112
1512
313
713
1113
1513
314
714
1114
1514
315
715
1115
1515
316
716
1116
1516
317
717
1117
1517
318
718
1118
1518
319
719
1119
1519
320
720
1120
1520
321
721
1121
1521
322
722
1122
1522
323
723
1123
1523
324
724
1124
1524
325
725
1125
1525
326
726
1126
1526
327
727
1127
1527
328
728
1128
1528
329
729
1129
1529
330
730
1130
1530
331
731
1131
1531
332
732
1132
1532
333
733
1133
1533
334
734
1134
1534
335
735
1135
1535
336
736
1136
1536
337
737
1137
1537
338
738
1138
1538
339
739
1139
1539
340
740
1140
1540
341
741
1141
1541
342
742
1142
1542
343
743
1143
1543
344
744
1144
1544
345
745
1145
1545
346
746
1146
1546
347
747
1147
1547
348
748
1148
1548
349
749
1149
1549
350
750
1150
1550
351
751
1151
1551
352
752
1152
1552
353
753
1153
1553
354
754
1154
1554
355
755
1155
1555
356
756
1156
1556
357
757
1157
1557
358
758
1158
1558
359
759
1159
1559
360
760
1160
1560
361
761
1161
1561
362
762
1162
1562
363
763
1163
1563
364
764
1164
1564
365
765
1165
1565
366
766
1166
1566
367
767
1167
1567
368
768
1168
1568
369
769
1169
1569
370
770
1170
1570
371
771
1171
1571
372
772
1172
1572
373
773
1173
1573
374
774
1174
1574
375
775
1175
1575
376
776
1176
1576
377
777
1177
1577
378
778
1178
1578
379
779
1179
1579
380
780
1180
1580
381
781
1181
1581
382
782
1182
1582
383
783
1183
1583
384
784
1184
1584
385
785
1185
1585
386
786
1186
1586
387
787
1187
1587
388
788
1188
1588
389
789
1189
1589
390
790
1190
1590
391
791
1191
1591
392
792
1192
1592
393
793
1193
1593
394
794
1194
1594
395
795
1195
1595
396
796
1196
1596
397
797
1197
1597
398
798
1198
1598
399
799
1199
1599
0
100
200
300
1
101
201
301
2
102
202
302
3
103
203
303
4
104
204
304
5
105
205
305
6
106
206
306
7
107
207
307
8
108
208
308
9
109
209
309
10
110
210
310
11
111
211
311
12
112
212
312
13
113
213
313
14
114
214
314
15
115
215
315
16
116
216
316
17
117
217
317
18
118
218
318
19
119
219
319
20
120
220
320
21
121
221
321
22
122
222
322
23
123
223
323
24
124
224
324
25
125
225
325
26
126
226
326
27
127
227
327
28
128
228
328
29
129
229
329
30
130
230
330
31
131
231
331
32
132
232
332
33
133
233
333
34
134
234
334
35
135
235
335
36
136
236
336
37
137
237
337
38
138
238
338
39
139
239
339
40
140
240
340
41
141
241
341
42
142
242
342
43
143
243
343
44
144
244
344
45
145
245
345
46
146
246
346
47
147
247
347
48
148
248
348
49
149
249
349
50
150
250
350
51
151
251
351
52
152
252
352
53
153
253
353
54
154
254
354
55
155
255
355
56
156
256
356
57
157
257
357
58
158
258
358
59
159
259
359
60
160
260
360
61
161
261
361
62
162
262
362
63
163
263
363
64
164
264
364
65
165
265
365
66
166
266
366
67
167
267
367
68
168
268
368
69
169
269
369
70
170
270
370
71
171
271
371
72
172
272
372
73
173
273
373
74
174
274
374
75
175
275
375
76
176
276
376
77
177
277
377
78
178
278
378
79
179
279
379
80
180
280
380
81
181
281
381
82
182
282
382
83
183
283
383
84
184
284
384
85
185
285
385
86
186
286
386
87
187
287
387
88
188
288
388
89
189
289
389
90
190
290
390
91
191
291
391
92
192
292
392
93
193
293
393
94
194
294
394
95
195
295
395
96
196
296
396
97
197
297
397
98
198
298
398
99
199
299
399
)


// ************************************************************************* //
