/*--------------------------------*- C++ -*----------------------------------*\
| =========                 |                                                 |
| \\      /  F ield         | OpenFOAM: The Open Source CFD Toolbox           |
|  \\    /   O peration     | Version:  v1812                                 |
|   \\  /    A nd           | Web:      www.OpenFOAM.com                      |
|    \\/     M anipulation  |                                                 |
\*---------------------------------------------------------------------------*/
FoamFile
{
    version     2.0;
    format      ascii;
    class       vectorField;
    location    "constant/polyMesh";
    object      points;
}
// * * * * * * * * * * * * * * * * * * * * * * * * * * * * * * * * * * * * * //


275
(
(-5 -1 -1)
(-4 -1 -1)
(-3 -1 -1)
(-2 -1 -1)
(-1 -1 -1)
(0 -1 -1)
(1 -1 -1)
(2 -1 -1)
(3 -1 -1)
(4 -1 -1)
(5 -1 -1)
(-5 -0.5 -1)
(-4 -0.5 -1)
(-3 -0.5 -1)
(-2 -0.5 -1)
(-1 -0.5 -1)
(0 -0.5 -1)
(1 -0.5 -1)
(2 -0.5 -1)
(3 -0.5 -1)
(4 -0.5 -1)
(5 -0.5 -1)
(-5 0 -1)
(-4 0 -1)
(-3 0 -1)
(-2 0 -1)
(-1 0 -1)
(0 0 -1)
(1 0 -1)
(2 0 -1)
(3 0 -1)
(4 0 -1)
(5 0 -1)
(-5 0.5 -1)
(-4 0.5 -1)
(-3 0.5 -1)
(-2 0.5 -1)
(-1 0.5 -1)
(0 0.5 -1)
(1 0.5 -1)
(2 0.5 -1)
(3 0.5 -1)
(4 0.5 -1)
(5 0.5 -1)
(-5 1 -1)
(-4 1 -1)
(-3 1 -1)
(-2 1 -1)
(-1 1 -1)
(0 1 -1)
(1 1 -1)
(2 1 -1)
(3 1 -1)
(4 1 -1)
(5 1 -1)
(-5 -1 -0.5)
(-4 -1 -0.5)
(-3 -1 -0.5)
(-2 -1 -0.5)
(-1 -1 -0.5)
(0 -1 -0.5)
(1 -1 -0.5)
(2 -1 -0.5)
(3 -1 -0.5)
(4 -1 -0.5)
(5 -1 -0.5)
(-5 -0.5 -0.5)
(-4 -0.5 -0.5)
(-3 -0.5 -0.5)
(-2 -0.5 -0.5)
(-1 -0.5 -0.5)
(0 -0.5 -0.5)
(1 -0.5 -0.5)
(2 -0.5 -0.5)
(3 -0.5 -0.5)
(4 -0.5 -0.5)
(5 -0.5 -0.5)
(-5 0 -0.5)
(-4 0 -0.5)
(-3 0 -0.5)
(-2 0 -0.5)
(-1 0 -0.5)
(0 0 -0.5)
(1 0 -0.5)
(2 0 -0.5)
(3 0 -0.5)
(4 0 -0.5)
(5 0 -0.5)
(-5 0.5 -0.5)
(-4 0.5 -0.5)
(-3 0.5 -0.5)
(-2 0.5 -0.5)
(-1 0.5 -0.5)
(0 0.5 -0.5)
(1 0.5 -0.5)
(2 0.5 -0.5)
(3 0.5 -0.5)
(4 0.5 -0.5)
(5 0.5 -0.5)
(-5 1 -0.5)
(-4 1 -0.5)
(-3 1 -0.5)
(-2 1 -0.5)
(-1 1 -0.5)
(0 1 -0.5)
(1 1 -0.5)
(2 1 -0.5)
(3 1 -0.5)
(4 1 -0.5)
(5 1 -0.5)
(-5 -1 0)
(-4 -1 0)
(-3 -1 0)
(-2 -1 0)
(-1 -1 0)
(0 -1 0)
(1 -1 0)
(2 -1 0)
(3 -1 0)
(4 -1 0)
(5 -1 0)
(-5 -0.5 0)
(-4 -0.5 0)
(-3 -0.5 0)
(-2 -0.5 0)
(-1 -0.5 0)
(0 -0.5 0)
(1 -0.5 0)
(2 -0.5 0)
(3 -0.5 0)
(4 -0.5 0)
(5 -0.5 0)
(-5 0 0)
(-4 0 0)
(-3 0 0)
(-2 0 0)
(-1 0 0)
(0 0 0)
(1 0 0)
(2 0 0)
(3 0 0)
(4 0 0)
(5 0 0)
(-5 0.5 0)
(-4 0.5 0)
(-3 0.5 0)
(-2 0.5 0)
(-1 0.5 0)
(0 0.5 0)
(1 0.5 0)
(2 0.5 0)
(3 0.5 0)
(4 0.5 0)
(5 0.5 0)
(-5 1 0)
(-4 1 0)
(-3 1 0)
(-2 1 0)
(-1 1 0)
(0 1 0)
(1 1 0)
(2 1 0)
(3 1 0)
(4 1 0)
(5 1 0)
(-5 -1 0.5)
(-4 -1 0.5)
(-3 -1 0.5)
(-2 -1 0.5)
(-1 -1 0.5)
(0 -1 0.5)
(1 -1 0.5)
(2 -1 0.5)
(3 -1 0.5)
(4 -1 0.5)
(5 -1 0.5)
(-5 -0.5 0.5)
(-4 -0.5 0.5)
(-3 -0.5 0.5)
(-2 -0.5 0.5)
(-1 -0.5 0.5)
(0 -0.5 0.5)
(1 -0.5 0.5)
(2 -0.5 0.5)
(3 -0.5 0.5)
(4 -0.5 0.5)
(5 -0.5 0.5)
(-5 0 0.5)
(-4 0 0.5)
(-3 0 0.5)
(-2 0 0.5)
(-1 0 0.5)
(0 0 0.5)
(1 0 0.5)
(2 0 0.5)
(3 0 0.5)
(4 0 0.5)
(5 0 0.5)
(-5 0.5 0.5)
(-4 0.5 0.5)
(-3 0.5 0.5)
(-2 0.5 0.5)
(-1 0.5 0.5)
(0 0.5 0.5)
(1 0.5 0.5)
(2 0.5 0.5)
(3 0.5 0.5)
(4 0.5 0.5)
(5 0.5 0.5)
(-5 1 0.5)
(-4 1 0.5)
(-3 1 0.5)
(-2 1 0.5)
(-1 1 0.5)
(0 1 0.5)
(1 1 0.5)
(2 1 0.5)
(3 1 0.5)
(4 1 0.5)
(5 1 0.5)
(-5 -1 1)
(-4 -1 1)
(-3 -1 1)
(-2 -1 1)
(-1 -1 1)
(0 -1 1)
(1 -1 1)
(2 -1 1)
(3 -1 1)
(4 -1 1)
(5 -1 1)
(-5 -0.5 1)
(-4 -0.5 1)
(-3 -0.5 1)
(-2 -0.5 1)
(-1 -0.5 1)
(0 -0.5 1)
(1 -0.5 1)
(2 -0.5 1)
(3 -0.5 1)
(4 -0.5 1)
(5 -0.5 1)
(-5 0 1)
(-4 0 1)
(-3 0 1)
(-2 0 1)
(-1 0 1)
(0 0 1)
(1 0 1)
(2 0 1)
(3 0 1)
(4 0 1)
(5 0 1)
(-5 0.5 1)
(-4 0.5 1)
(-3 0.5 1)
(-2 0.5 1)
(-1 0.5 1)
(0 0.5 1)
(1 0.5 1)
(2 0.5 1)
(3 0.5 1)
(4 0.5 1)
(5 0.5 1)
(-5 1 1)
(-4 1 1)
(-3 1 1)
(-2 1 1)
(-1 1 1)
(0 1 1)
(1 1 1)
(2 1 1)
(3 1 1)
(4 1 1)
(5 1 1)
)


// ************************************************************************* //
