/*--------------------------------*- C++ -*----------------------------------*\
| =========                 |                                                 |
| \\      /  F ield         | OpenFOAM: The Open Source CFD Toolbox           |
|  \\    /   O peration     | Version:  v1812                                 |
|   \\  /    A nd           | Web:      www.OpenFOAM.com                      |
|    \\/     M anipulation  |                                                 |
\*---------------------------------------------------------------------------*/
FoamFile
{
    version     2.0;
    format      ascii;
    class       faceList;
    location    "constant/polyMesh";
    object      faces;
}
// * * * * * * * * * * * * * * * * * * * * * * * * * * * * * * * * * * * * * //


576
(
4(1 12 67 56)
4(11 66 67 12)
4(55 56 67 66)
4(2 13 68 57)
4(12 67 68 13)
4(56 57 68 67)
4(3 14 69 58)
4(13 68 69 14)
4(57 58 69 68)
4(4 15 70 59)
4(14 69 70 15)
4(58 59 70 69)
4(5 16 71 60)
4(15 70 71 16)
4(59 60 71 70)
4(6 17 72 61)
4(16 71 72 17)
4(60 61 72 71)
4(7 18 73 62)
4(17 72 73 18)
4(61 62 73 72)
4(8 19 74 63)
4(18 73 74 19)
4(62 63 74 73)
4(9 20 75 64)
4(19 74 75 20)
4(63 64 75 74)
4(20 75 76 21)
4(64 65 76 75)
4(12 23 78 67)
4(22 77 78 23)
4(66 67 78 77)
4(13 24 79 68)
4(23 78 79 24)
4(67 68 79 78)
4(14 25 80 69)
4(24 79 80 25)
4(68 69 80 79)
4(15 26 81 70)
4(25 80 81 26)
4(69 70 81 80)
4(16 27 82 71)
4(26 81 82 27)
4(70 71 82 81)
4(17 28 83 72)
4(27 82 83 28)
4(71 72 83 82)
4(18 29 84 73)
4(28 83 84 29)
4(72 73 84 83)
4(19 30 85 74)
4(29 84 85 30)
4(73 74 85 84)
4(20 31 86 75)
4(30 85 86 31)
4(74 75 86 85)
4(31 86 87 32)
4(75 76 87 86)
4(23 34 89 78)
4(33 88 89 34)
4(77 78 89 88)
4(24 35 90 79)
4(34 89 90 35)
4(78 79 90 89)
4(25 36 91 80)
4(35 90 91 36)
4(79 80 91 90)
4(26 37 92 81)
4(36 91 92 37)
4(80 81 92 91)
4(27 38 93 82)
4(37 92 93 38)
4(81 82 93 92)
4(28 39 94 83)
4(38 93 94 39)
4(82 83 94 93)
4(29 40 95 84)
4(39 94 95 40)
4(83 84 95 94)
4(30 41 96 85)
4(40 95 96 41)
4(84 85 96 95)
4(31 42 97 86)
4(41 96 97 42)
4(85 86 97 96)
4(42 97 98 43)
4(86 87 98 97)
4(34 45 100 89)
4(88 89 100 99)
4(35 46 101 90)
4(89 90 101 100)
4(36 47 102 91)
4(90 91 102 101)
4(37 48 103 92)
4(91 92 103 102)
4(38 49 104 93)
4(92 93 104 103)
4(39 50 105 94)
4(93 94 105 104)
4(40 51 106 95)
4(94 95 106 105)
4(41 52 107 96)
4(95 96 107 106)
4(42 53 108 97)
4(96 97 108 107)
4(97 98 109 108)
4(56 67 122 111)
4(66 121 122 67)
4(110 111 122 121)
4(57 68 123 112)
4(67 122 123 68)
4(111 112 123 122)
4(58 69 124 113)
4(68 123 124 69)
4(112 113 124 123)
4(59 70 125 114)
4(69 124 125 70)
4(113 114 125 124)
4(60 71 126 115)
4(70 125 126 71)
4(114 115 126 125)
4(61 72 127 116)
4(71 126 127 72)
4(115 116 127 126)
4(62 73 128 117)
4(72 127 128 73)
4(116 117 128 127)
4(63 74 129 118)
4(73 128 129 74)
4(117 118 129 128)
4(64 75 130 119)
4(74 129 130 75)
4(118 119 130 129)
4(75 130 131 76)
4(119 120 131 130)
4(67 78 133 122)
4(77 132 133 78)
4(121 122 133 132)
4(68 79 134 123)
4(78 133 134 79)
4(122 123 134 133)
4(69 80 135 124)
4(79 134 135 80)
4(123 124 135 134)
4(70 81 136 125)
4(80 135 136 81)
4(124 125 136 135)
4(71 82 137 126)
4(81 136 137 82)
4(125 126 137 136)
4(72 83 138 127)
4(82 137 138 83)
4(126 127 138 137)
4(73 84 139 128)
4(83 138 139 84)
4(127 128 139 138)
4(74 85 140 129)
4(84 139 140 85)
4(128 129 140 139)
4(75 86 141 130)
4(85 140 141 86)
4(129 130 141 140)
4(86 141 142 87)
4(130 131 142 141)
4(78 89 144 133)
4(88 143 144 89)
4(132 133 144 143)
4(79 90 145 134)
4(89 144 145 90)
4(133 134 145 144)
4(80 91 146 135)
4(90 145 146 91)
4(134 135 146 145)
4(81 92 147 136)
4(91 146 147 92)
4(135 136 147 146)
4(82 93 148 137)
4(92 147 148 93)
4(136 137 148 147)
4(83 94 149 138)
4(93 148 149 94)
4(137 138 149 148)
4(84 95 150 139)
4(94 149 150 95)
4(138 139 150 149)
4(85 96 151 140)
4(95 150 151 96)
4(139 140 151 150)
4(86 97 152 141)
4(96 151 152 97)
4(140 141 152 151)
4(97 152 153 98)
4(141 142 153 152)
4(89 100 155 144)
4(143 144 155 154)
4(90 101 156 145)
4(144 145 156 155)
4(91 102 157 146)
4(145 146 157 156)
4(92 103 158 147)
4(146 147 158 157)
4(93 104 159 148)
4(147 148 159 158)
4(94 105 160 149)
4(148 149 160 159)
4(95 106 161 150)
4(149 150 161 160)
4(96 107 162 151)
4(150 151 162 161)
4(97 108 163 152)
4(151 152 163 162)
4(152 153 164 163)
4(111 122 177 166)
4(121 176 177 122)
4(165 166 177 176)
4(112 123 178 167)
4(122 177 178 123)
4(166 167 178 177)
4(113 124 179 168)
4(123 178 179 124)
4(167 168 179 178)
4(114 125 180 169)
4(124 179 180 125)
4(168 169 180 179)
4(115 126 181 170)
4(125 180 181 126)
4(169 170 181 180)
4(116 127 182 171)
4(126 181 182 127)
4(170 171 182 181)
4(117 128 183 172)
4(127 182 183 128)
4(171 172 183 182)
4(118 129 184 173)
4(128 183 184 129)
4(172 173 184 183)
4(119 130 185 174)
4(129 184 185 130)
4(173 174 185 184)
4(130 185 186 131)
4(174 175 186 185)
4(122 133 188 177)
4(132 187 188 133)
4(176 177 188 187)
4(123 134 189 178)
4(133 188 189 134)
4(177 178 189 188)
4(124 135 190 179)
4(134 189 190 135)
4(178 179 190 189)
4(125 136 191 180)
4(135 190 191 136)
4(179 180 191 190)
4(126 137 192 181)
4(136 191 192 137)
4(180 181 192 191)
4(127 138 193 182)
4(137 192 193 138)
4(181 182 193 192)
4(128 139 194 183)
4(138 193 194 139)
4(182 183 194 193)
4(129 140 195 184)
4(139 194 195 140)
4(183 184 195 194)
4(130 141 196 185)
4(140 195 196 141)
4(184 185 196 195)
4(141 196 197 142)
4(185 186 197 196)
4(133 144 199 188)
4(143 198 199 144)
4(187 188 199 198)
4(134 145 200 189)
4(144 199 200 145)
4(188 189 200 199)
4(135 146 201 190)
4(145 200 201 146)
4(189 190 201 200)
4(136 147 202 191)
4(146 201 202 147)
4(190 191 202 201)
4(137 148 203 192)
4(147 202 203 148)
4(191 192 203 202)
4(138 149 204 193)
4(148 203 204 149)
4(192 193 204 203)
4(139 150 205 194)
4(149 204 205 150)
4(193 194 205 204)
4(140 151 206 195)
4(150 205 206 151)
4(194 195 206 205)
4(141 152 207 196)
4(151 206 207 152)
4(195 196 207 206)
4(152 207 208 153)
4(196 197 208 207)
4(144 155 210 199)
4(198 199 210 209)
4(145 156 211 200)
4(199 200 211 210)
4(146 157 212 201)
4(200 201 212 211)
4(147 158 213 202)
4(201 202 213 212)
4(148 159 214 203)
4(202 203 214 213)
4(149 160 215 204)
4(203 204 215 214)
4(150 161 216 205)
4(204 205 216 215)
4(151 162 217 206)
4(205 206 217 216)
4(152 163 218 207)
4(206 207 218 217)
4(207 208 219 218)
4(166 177 232 221)
4(176 231 232 177)
4(167 178 233 222)
4(177 232 233 178)
4(168 179 234 223)
4(178 233 234 179)
4(169 180 235 224)
4(179 234 235 180)
4(170 181 236 225)
4(180 235 236 181)
4(171 182 237 226)
4(181 236 237 182)
4(172 183 238 227)
4(182 237 238 183)
4(173 184 239 228)
4(183 238 239 184)
4(174 185 240 229)
4(184 239 240 185)
4(185 240 241 186)
4(177 188 243 232)
4(187 242 243 188)
4(178 189 244 233)
4(188 243 244 189)
4(179 190 245 234)
4(189 244 245 190)
4(180 191 246 235)
4(190 245 246 191)
4(181 192 247 236)
4(191 246 247 192)
4(182 193 248 237)
4(192 247 248 193)
4(183 194 249 238)
4(193 248 249 194)
4(184 195 250 239)
4(194 249 250 195)
4(185 196 251 240)
4(195 250 251 196)
4(196 251 252 197)
4(188 199 254 243)
4(198 253 254 199)
4(189 200 255 244)
4(199 254 255 200)
4(190 201 256 245)
4(200 255 256 201)
4(191 202 257 246)
4(201 256 257 202)
4(192 203 258 247)
4(202 257 258 203)
4(193 204 259 248)
4(203 258 259 204)
4(194 205 260 249)
4(204 259 260 205)
4(195 206 261 250)
4(205 260 261 206)
4(196 207 262 251)
4(206 261 262 207)
4(207 262 263 208)
4(199 210 265 254)
4(200 211 266 255)
4(201 212 267 256)
4(202 213 268 257)
4(203 214 269 258)
4(204 215 270 259)
4(205 216 271 260)
4(206 217 272 261)
4(207 218 273 262)
4(10 21 76 65)
4(21 32 87 76)
4(32 43 98 87)
4(43 54 109 98)
4(65 76 131 120)
4(76 87 142 131)
4(87 98 153 142)
4(98 109 164 153)
4(120 131 186 175)
4(131 142 197 186)
4(142 153 208 197)
4(153 164 219 208)
4(175 186 241 230)
4(186 197 252 241)
4(197 208 263 252)
4(208 219 274 263)
4(0 55 66 11)
4(11 66 77 22)
4(22 77 88 33)
4(33 88 99 44)
4(55 110 121 66)
4(66 121 132 77)
4(77 132 143 88)
4(88 143 154 99)
4(110 165 176 121)
4(121 176 187 132)
4(132 187 198 143)
4(143 198 209 154)
4(165 220 231 176)
4(176 231 242 187)
4(187 242 253 198)
4(198 253 264 209)
4(0 1 56 55)
4(55 56 111 110)
4(110 111 166 165)
4(165 166 221 220)
4(1 2 57 56)
4(56 57 112 111)
4(111 112 167 166)
4(166 167 222 221)
4(2 3 58 57)
4(57 58 113 112)
4(112 113 168 167)
4(167 168 223 222)
4(3 4 59 58)
4(58 59 114 113)
4(113 114 169 168)
4(168 169 224 223)
4(4 5 60 59)
4(59 60 115 114)
4(114 115 170 169)
4(169 170 225 224)
4(5 6 61 60)
4(60 61 116 115)
4(115 116 171 170)
4(170 171 226 225)
4(6 7 62 61)
4(61 62 117 116)
4(116 117 172 171)
4(171 172 227 226)
4(7 8 63 62)
4(62 63 118 117)
4(117 118 173 172)
4(172 173 228 227)
4(8 9 64 63)
4(63 64 119 118)
4(118 119 174 173)
4(173 174 229 228)
4(9 10 65 64)
4(64 65 120 119)
4(119 120 175 174)
4(174 175 230 229)
4(220 221 232 231)
4(231 232 243 242)
4(242 243 254 253)
4(253 254 265 264)
4(221 222 233 232)
4(232 233 244 243)
4(243 244 255 254)
4(254 255 266 265)
4(222 223 234 233)
4(233 234 245 244)
4(244 245 256 255)
4(255 256 267 266)
4(223 224 235 234)
4(234 235 246 245)
4(245 246 257 256)
4(256 257 268 267)
4(224 225 236 235)
4(235 236 247 246)
4(246 247 258 257)
4(257 258 269 268)
4(225 226 237 236)
4(236 237 248 247)
4(247 248 259 258)
4(258 259 270 269)
4(226 227 238 237)
4(237 238 249 248)
4(248 249 260 259)
4(259 260 271 270)
4(227 228 239 238)
4(238 239 250 249)
4(249 250 261 260)
4(260 261 272 271)
4(228 229 240 239)
4(239 240 251 250)
4(250 251 262 261)
4(261 262 273 272)
4(229 230 241 240)
4(240 241 252 251)
4(251 252 263 262)
4(262 263 274 273)
4(44 99 100 45)
4(99 154 155 100)
4(154 209 210 155)
4(209 264 265 210)
4(45 100 101 46)
4(100 155 156 101)
4(155 210 211 156)
4(210 265 266 211)
4(46 101 102 47)
4(101 156 157 102)
4(156 211 212 157)
4(211 266 267 212)
4(47 102 103 48)
4(102 157 158 103)
4(157 212 213 158)
4(212 267 268 213)
4(48 103 104 49)
4(103 158 159 104)
4(158 213 214 159)
4(213 268 269 214)
4(49 104 105 50)
4(104 159 160 105)
4(159 214 215 160)
4(214 269 270 215)
4(50 105 106 51)
4(105 160 161 106)
4(160 215 216 161)
4(215 270 271 216)
4(51 106 107 52)
4(106 161 162 107)
4(161 216 217 162)
4(216 271 272 217)
4(52 107 108 53)
4(107 162 163 108)
4(162 217 218 163)
4(217 272 273 218)
4(53 108 109 54)
4(108 163 164 109)
4(163 218 219 164)
4(218 273 274 219)
4(0 11 12 1)
4(11 22 23 12)
4(22 33 34 23)
4(33 44 45 34)
4(1 12 13 2)
4(12 23 24 13)
4(23 34 35 24)
4(34 45 46 35)
4(2 13 14 3)
4(13 24 25 14)
4(24 35 36 25)
4(35 46 47 36)
4(3 14 15 4)
4(14 25 26 15)
4(25 36 37 26)
4(36 47 48 37)
4(4 15 16 5)
4(15 26 27 16)
4(26 37 38 27)
4(37 48 49 38)
4(5 16 17 6)
4(16 27 28 17)
4(27 38 39 28)
4(38 49 50 39)
4(6 17 18 7)
4(17 28 29 18)
4(28 39 40 29)
4(39 50 51 40)
4(7 18 19 8)
4(18 29 30 19)
4(29 40 41 30)
4(40 51 52 41)
4(8 19 20 9)
4(19 30 31 20)
4(30 41 42 31)
4(41 52 53 42)
4(9 20 21 10)
4(20 31 32 21)
4(31 42 43 32)
4(42 53 54 43)
)


// ************************************************************************* //
