/*--------------------------------*- C++ -*----------------------------------*\
| =========                 |                                                 |
| \\      /  F ield         | OpenFOAM: The Open Source CFD Toolbox           |
|  \\    /   O peration     | Version:  v1812                                 |
|   \\  /    A nd           | Web:      www.OpenFOAM.com                      |
|    \\/     M anipulation  |                                                 |
\*---------------------------------------------------------------------------*/
FoamFile
{
    version     2.0;
    format      ascii;
    class       labelList;
    note        "nPoints: 275 nCells: 160 nFaces: 576 nInternalFaces: 384";
    location    "constant/polyMesh";
    object      neighbour;
}
// * * * * * * * * * * * * * * * * * * * * * * * * * * * * * * * * * * * * * //


384
(
1
10
40
2
11
41
3
12
42
4
13
43
5
14
44
6
15
45
7
16
46
8
17
47
9
18
48
19
49
11
20
50
12
21
51
13
22
52
14
23
53
15
24
54
16
25
55
17
26
56
18
27
57
19
28
58
29
59
21
30
60
22
31
61
23
32
62
24
33
63
25
34
64
26
35
65
27
36
66
28
37
67
29
38
68
39
69
31
70
32
71
33
72
34
73
35
74
36
75
37
76
38
77
39
78
79
41
50
80
42
51
81
43
52
82
44
53
83
45
54
84
46
55
85
47
56
86
48
57
87
49
58
88
59
89
51
60
90
52
61
91
53
62
92
54
63
93
55
64
94
56
65
95
57
66
96
58
67
97
59
68
98
69
99
61
70
100
62
71
101
63
72
102
64
73
103
65
74
104
66
75
105
67
76
106
68
77
107
69
78
108
79
109
71
110
72
111
73
112
74
113
75
114
76
115
77
116
78
117
79
118
119
81
90
120
82
91
121
83
92
122
84
93
123
85
94
124
86
95
125
87
96
126
88
97
127
89
98
128
99
129
91
100
130
92
101
131
93
102
132
94
103
133
95
104
134
96
105
135
97
106
136
98
107
137
99
108
138
109
139
101
110
140
102
111
141
103
112
142
104
113
143
105
114
144
106
115
145
107
116
146
108
117
147
109
118
148
119
149
111
150
112
151
113
152
114
153
115
154
116
155
117
156
118
157
119
158
159
121
130
122
131
123
132
124
133
125
134
126
135
127
136
128
137
129
138
139
131
140
132
141
133
142
134
143
135
144
136
145
137
146
138
147
139
148
149
141
150
142
151
143
152
144
153
145
154
146
155
147
156
148
157
149
158
159
151
152
153
154
155
156
157
158
159
)


// ************************************************************************* //
